
Position
 ==================== 
Position X,Position Y,Position Z,Unit,Category,Collection,Time,ID,
846.747,1611.35,4981.63,µm,Spot,Position,1,17,
821.515,1583.55,4985.88,µm,Spot,Position,1,20,
804.037,1590.93,4989.81,µm,Spot,Position,1,22,
815.539,1614.09,4988.82,µm,Spot,Position,1,23,
849.597,1608.62,4999.55,µm,Spot,Position,1,26,
827.006,1618.78,5029.08,µm,Spot,Position,1,43,
914.399,1586.88,4967.95,µm,Spot,Position,1,72,
902.835,1585.18,4986,µm,Spot,Position,1,79,
896.088,1602.6,4987.97,µm,Spot,Position,1,81,
882.441,1625.84,4988.17,µm,Spot,Position,1,82,
876.89,1635.33,4992.31,µm,Spot,Position,1,85,
910.362,1628.85,5004.52,µm,Spot,Position,1,89,
962.839,1612.47,4954.72,µm,Spot,Position,1,113,
942.563,1583.55,4977.16,µm,Spot,Position,1,119,
981.196,1625.88,4979.97,µm,Spot,Position,1,120,
960.975,1615.66,4982.47,µm,Spot,Position,1,122,
922.436,1635.56,4986.19,µm,Spot,Position,1,123,
936.021,1623.02,4998.39,µm,Spot,Position,1,131,
971.398,1583.55,5002.65,µm,Spot,Position,1,133,
1042.86,1605.13,4968.91,µm,Spot,Position,1,162,
1023.81,1615.65,4970.24,µm,Spot,Position,1,163,
1035.88,1609.72,4971.28,µm,Spot,Position,1,167,
998.224,1597.86,4981.99,µm,Spot,Position,1,171,
984.348,1618.44,4995.39,µm,Spot,Position,1,176,
990.001,1604.66,5006.28,µm,Spot,Position,1,179,
1107.75,1642.96,4970.13,µm,Spot,Position,1,222,
1087.29,1640.29,4988.9,µm,Spot,Position,1,233,
1123.34,1617.11,4945.09,µm,Spot,Position,1,255,
1163.37,1606.62,4952.93,µm,Spot,Position,1,259,
1154.21,1587.43,4962.6,µm,Spot,Position,1,264,
1142.98,1591.22,4962.77,µm,Spot,Position,1,265,
1132.48,1629.95,4962.16,µm,Spot,Position,1,267,
1149.84,1638.8,4961.64,µm,Spot,Position,1,268,
1115.8,1641.11,4975.54,µm,Spot,Position,1,273,
1177.91,1583.55,4940.33,µm,Spot,Position,1,308,
1183.68,1621.26,4953.36,µm,Spot,Position,1,310,
1183.68,1632.94,4962.22,µm,Spot,Position,1,312,
834.74,1644.71,4987.83,µm,Spot,Position,1,340,
802.242,1647.62,4994,µm,Spot,Position,1,342,
838.376,1697.01,4996.31,µm,Spot,Position,1,344,
827.047,1659.93,4998.29,µm,Spot,Position,1,345,
812.385,1667.54,4996.54,µm,Spot,Position,1,346,
838.331,1696.75,5013.79,µm,Spot,Position,1,350,
799.249,1651.97,5017.54,µm,Spot,Position,1,351,
806.657,1677.37,5036.99,µm,Spot,Position,1,356,
804.972,1689.8,5037.64,µm,Spot,Position,1,360,
844.82,1655.87,5040.04,µm,Spot,Position,1,361,
799.723,1666.59,5049.96,µm,Spot,Position,1,368,
817.347,1701.29,5054.36,µm,Spot,Position,1,371,
901.588,1680.48,4973.78,µm,Spot,Position,1,381,
895.984,1675.51,4983.27,µm,Spot,Position,1,384,
918.808,1648.56,4985.07,µm,Spot,Position,1,385,
916.732,1675.13,4986.01,µm,Spot,Position,1,386,
857.648,1667.6,4990.42,µm,Spot,Position,1,387,
893.007,1682.65,4990.88,µm,Spot,Position,1,388,
885.737,1701.33,4993.41,µm,Spot,Position,1,390,
870.15,1646.55,4995.2,µm,Spot,Position,1,391,
897.916,1667.89,4996.61,µm,Spot,Position,1,392,
864.864,1703.88,5021.53,µm,Spot,Position,1,404,
953.895,1703.85,4966.9,µm,Spot,Position,1,429,
971.628,1686.73,4979.96,µm,Spot,Position,1,434,
952.133,1656.49,4981.29,µm,Spot,Position,1,435,
957.49,1678.51,4981.46,µm,Spot,Position,1,436,
924.897,1665.99,4984.1,µm,Spot,Position,1,437,
939.632,1689.2,4984.45,µm,Spot,Position,1,438,
946.512,1699.8,4985.63,µm,Spot,Position,1,440,
951.976,1643.86,4993.1,µm,Spot,Position,1,442,
1006.91,1675.57,4963.63,µm,Spot,Position,1,484,
991.062,1682.76,4972.97,µm,Spot,Position,1,486,
1026.61,1644.89,4976.55,µm,Spot,Position,1,488,
1023.82,1675.89,4976.62,µm,Spot,Position,1,490,
1003.73,1645.96,4977.05,µm,Spot,Position,1,493,
1038.08,1652.5,4978.42,µm,Spot,Position,1,494,
1009.48,1685.69,4977.92,µm,Spot,Position,1,495,
1035.8,1645.66,4980.78,µm,Spot,Position,1,497,
1026.91,1689.79,4998.93,µm,Spot,Position,1,503,
1006.69,1673.4,5050.67,µm,Spot,Position,1,527,
1055.48,1674.41,4978.46,µm,Spot,Position,1,550,
1098.17,1682.19,4978.65,µm,Spot,Position,1,551,
1104.97,1685.37,4978.41,µm,Spot,Position,1,552,
1133.92,1695.63,4940.67,µm,Spot,Position,1,573,
1163.72,1660.8,4944.27,µm,Spot,Position,1,576,
1151.65,1665.68,4948.28,µm,Spot,Position,1,578,
1149.12,1648.64,4950.76,µm,Spot,Position,1,579,
1129.59,1701.05,4956.96,µm,Spot,Position,1,582,
1137.56,1680.77,4958.73,µm,Spot,Position,1,583,
1147.35,1693.58,4958.64,µm,Spot,Position,1,584,
1115.46,1653.11,4964.34,µm,Spot,Position,1,588,
1135.49,1663.97,4963.8,µm,Spot,Position,1,589,
1117.56,1690.39,4968.49,µm,Spot,Position,1,591,
1123.3,1681.35,4977.64,µm,Spot,Position,1,596,
1169.95,1687.72,4978.74,µm,Spot,Position,1,597,
1112.42,1683.44,4981.48,µm,Spot,Position,1,598,
1133.02,1683.87,4984.94,µm,Spot,Position,1,600,
1166.48,1677.07,4997.81,µm,Spot,Position,1,606,
1147.16,1682.75,4998.06,µm,Spot,Position,1,607,
1183.68,1679.81,4936.2,µm,Spot,Position,1,619,
1180.62,1657.16,4954.07,µm,Spot,Position,1,621,
1183.68,1702.77,4958.97,µm,Spot,Position,1,623,
1177.7,1671.56,5010.57,µm,Spot,Position,1,626,
1183.68,1678.92,5014.31,µm,Spot,Position,1,627,
1177.09,1683.87,5035.35,µm,Spot,Position,1,629,
1183.68,1682.13,5042.07,µm,Spot,Position,1,630,
823.283,1759.42,4994.28,µm,Spot,Position,1,649,
830.502,1715.6,5002.12,µm,Spot,Position,1,650,
851.748,1759.85,5003.03,µm,Spot,Position,1,652,
805.987,1730.8,5010.19,µm,Spot,Position,1,653,
815.726,1735.26,5011.75,µm,Spot,Position,1,654,
800.393,1759.6,5019.72,µm,Spot,Position,1,657,
849.582,1748.54,5026.66,µm,Spot,Position,1,658,
806.685,1740.34,5038.88,µm,Spot,Position,1,661,
889.866,1746.91,4979.64,µm,Spot,Position,1,671,
904.832,1707.18,4988.92,µm,Spot,Position,1,672,
897.342,1739.27,4990.91,µm,Spot,Position,1,674,
882.15,1735.32,4995.15,µm,Spot,Position,1,677,
874.491,1747.9,4995.01,µm,Spot,Position,1,678,
866.23,1749.57,4995.27,µm,Spot,Position,1,679,
872.384,1760.93,4995.23,µm,Spot,Position,1,680,
865.148,1723.76,4998.71,µm,Spot,Position,1,681,
874.372,1708.02,5000.46,µm,Spot,Position,1,682,
980.179,1730.02,4978.51,µm,Spot,Position,1,709,
971.302,1711.29,4978.91,µm,Spot,Position,1,710,
970.017,1753.21,4980.32,µm,Spot,Position,1,712,
961.816,1722.7,4981.46,µm,Spot,Position,1,714,
928.592,1760.49,4986.34,µm,Spot,Position,1,718,
929.021,1723.61,4986.76,µm,Spot,Position,1,719,
957.913,1717.04,5016.86,µm,Spot,Position,1,724,
974.288,1712.61,5025,µm,Spot,Position,1,730,
955.313,1720.46,5047.77,µm,Spot,Position,1,739,
999.488,1748.39,4970.04,µm,Spot,Position,1,752,
1001.95,1709.77,4971.29,µm,Spot,Position,1,753,
1019.62,1704.71,4977.13,µm,Spot,Position,1,758,
1045.22,1723.36,4977.88,µm,Spot,Position,1,759,
1037.46,1748.32,4988.43,µm,Spot,Position,1,765,
1045.85,1748.06,5007.72,µm,Spot,Position,1,774,
1083.79,1713.29,4946.83,µm,Spot,Position,1,797,
1075.05,1717.75,4966.54,µm,Spot,Position,1,804,
1082.87,1733.73,4971.89,µm,Spot,Position,1,806,
1076.1,1762,4972.73,µm,Spot,Position,1,807,
1086.41,1741.45,4973.05,µm,Spot,Position,1,808,
1096.55,1751.9,4976.72,µm,Spot,Position,1,809,
1050.75,1758.53,4978.95,µm,Spot,Position,1,810,
1073.66,1743.32,4981.56,µm,Spot,Position,1,811,
1050.49,1743.67,4995.57,µm,Spot,Position,1,815,
1158.9,1741.16,4930.85,µm,Spot,Position,1,836,
1138.41,1713.85,4940.42,µm,Spot,Position,1,838,
1154.07,1727.01,4953.77,µm,Spot,Position,1,848,
1161.51,1743.86,4958.69,µm,Spot,Position,1,850,
1169.12,1733.44,4986.98,µm,Spot,Position,1,856,
1164.56,1710.69,4994.06,µm,Spot,Position,1,857,
1168.03,1748.31,5031.41,µm,Spot,Position,1,867,
1173.24,1758.89,4940.88,µm,Spot,Position,1,872,
1182.31,1754.07,4957.96,µm,Spot,Position,1,877,
832.591,1810.45,4930.85,µm,Spot,Position,1,894,
837.547,1790.45,4994.33,µm,Spot,Position,1,904,
829.085,1797,4997.42,µm,Spot,Position,1,905,
807.576,1793.7,5006.77,µm,Spot,Position,1,909,
853.33,1817.29,5010.61,µm,Spot,Position,1,911,
854.034,1790.85,5020.29,µm,Spot,Position,1,912,
830.686,1792.18,5021.19,µm,Spot,Position,1,913,
839.947,1799.43,5022.23,µm,Spot,Position,1,914,
806.338,1806.13,5024.37,µm,Spot,Position,1,915,
809.853,1810.77,5030.14,µm,Spot,Position,1,917,
801.024,1814.92,5037.35,µm,Spot,Position,1,918,
853.164,1773.66,5039.35,µm,Spot,Position,1,919,
811.217,1813.8,5044.01,µm,Spot,Position,1,921,
832.441,1806.55,5048.54,µm,Spot,Position,1,922,
909.909,1782.64,4996.32,µm,Spot,Position,1,932,
897.557,1791.84,4997.84,µm,Spot,Position,1,933,
877.274,1799.74,5001.36,µm,Spot,Position,1,936,
870.183,1815.66,5004.36,µm,Spot,Position,1,939,
893.558,1819.43,5007.45,µm,Spot,Position,1,940,
867.869,1768.96,5009.45,µm,Spot,Position,1,941,
860.026,1804.35,5014.63,µm,Spot,Position,1,942,
944.84,1801.42,4977.02,µm,Spot,Position,1,962,
979.115,1787.55,4983.14,µm,Spot,Position,1,965,
960.871,1777.23,4986.56,µm,Spot,Position,1,966,
957.714,1786.22,4985.39,µm,Spot,Position,1,967,
973.662,1798.27,4985.14,µm,Spot,Position,1,968,
924.599,1769.1,4987.6,µm,Spot,Position,1,970,
966.208,1790.19,4987.34,µm,Spot,Position,1,971,
950.017,1814.89,4988.63,µm,Spot,Position,1,973,
927.068,1807.56,4994.07,µm,Spot,Position,1,975,
981.296,1806.02,5050.68,µm,Spot,Position,1,1004,
1029.1,1799.84,4962.81,µm,Spot,Position,1,1012,
1045.29,1771.85,4979.5,µm,Spot,Position,1,1019,
996.839,1784.43,4979.65,µm,Spot,Position,1,1020,
985.715,1767.84,4984.25,µm,Spot,Position,1,1025,
995.8,1786.71,5031.62,µm,Spot,Position,1,1050,
1001.91,1785.3,5045.03,µm,Spot,Position,1,1053,
1101.41,1807.13,4951.93,µm,Spot,Position,1,1064,
1085.98,1799.49,4955.36,µm,Spot,Position,1,1065,
1067.25,1824.45,4968.82,µm,Spot,Position,1,1069,
1075,1815.01,4969.52,µm,Spot,Position,1,1071,
1069.22,1769.17,4971.39,µm,Spot,Position,1,1072,
1053.81,1796.11,4971.51,µm,Spot,Position,1,1073,
1108.23,1777.11,4976.91,µm,Spot,Position,1,1076,
1049.48,1813.34,5044.66,µm,Spot,Position,1,1104,
1148,1783.24,4949.12,µm,Spot,Position,1,1114,
1111.69,1814.81,4956.63,µm,Spot,Position,1,1122,
1145.57,1821.87,4960.21,µm,Spot,Position,1,1124,
1117.62,1782.14,4966.11,µm,Spot,Position,1,1125,
1183.68,1775.69,4938.59,µm,Spot,Position,1,1139,
1179.61,1806.88,4943.01,µm,Spot,Position,1,1140,
1183.68,1774,4957.95,µm,Spot,Position,1,1141,
800.051,1827.06,4947.98,µm,Spot,Position,1,1155,
834.009,1879.9,5005.35,µm,Spot,Position,1,1166,
854.785,1837.87,5020.28,µm,Spot,Position,1,1171,
834.435,1869.36,5021.45,µm,Spot,Position,1,1173,
831.471,1849.74,5026.83,µm,Spot,Position,1,1174,
799.684,1845.43,5032,µm,Spot,Position,1,1175,
844.225,1863.79,5037.38,µm,Spot,Position,1,1176,
811.254,1843.84,5037.58,µm,Spot,Position,1,1178,
844.574,1852.96,5039.13,µm,Spot,Position,1,1179,
813.881,1861.11,5038.7,µm,Spot,Position,1,1180,
800.864,1874.07,5043.25,µm,Spot,Position,1,1181,
800.249,1882.51,5048.61,µm,Spot,Position,1,1183,
810.366,1884.29,5048.75,µm,Spot,Position,1,1184,
901.182,1833.61,4984.51,µm,Spot,Position,1,1194,
900.405,1825.42,5001.34,µm,Spot,Position,1,1200,
876.472,1838.71,5001.51,µm,Spot,Position,1,1201,
867.302,1829.96,5005.09,µm,Spot,Position,1,1203,
896.062,1855.49,5004.5,µm,Spot,Position,1,1204,
877.534,1859.37,5004.88,µm,Spot,Position,1,1205,
883.383,1879.99,5009.3,µm,Spot,Position,1,1206,
913.692,1880.39,5008.16,µm,Spot,Position,1,1207,
868.851,1856.16,5011.08,µm,Spot,Position,1,1208,
872.191,1848.51,5013.52,µm,Spot,Position,1,1209,
902.636,1850.81,5032.04,µm,Spot,Position,1,1214,
900.389,1862.85,5038.79,µm,Spot,Position,1,1216,
961.819,1833.91,4985.68,µm,Spot,Position,1,1228,
975.036,1855.95,4991.19,µm,Spot,Position,1,1232,
951.725,1873.3,4991.85,µm,Spot,Position,1,1233,
941.547,1830.3,4995.23,µm,Spot,Position,1,1234,
923.973,1835.68,4996.32,µm,Spot,Position,1,1235,
933.526,1872.27,4995.88,µm,Spot,Position,1,1236,
965.772,1879.34,4997.56,µm,Spot,Position,1,1237,
929.985,1860.1,5003.68,µm,Spot,Position,1,1238,
967.917,1869.08,5015.54,µm,Spot,Position,1,1240,
973.071,1853.23,5026.21,µm,Spot,Position,1,1244,
1036.26,1865.79,4971.94,µm,Spot,Position,1,1258,
1037.52,1845.43,4975.14,µm,Spot,Position,1,1259,
1012.16,1852.52,4982.12,µm,Spot,Position,1,1264,
997.596,1866.42,4981.97,µm,Spot,Position,1,1265,
1016,1871.52,4981.3,µm,Spot,Position,1,1266,
1000.93,1835.95,4982.99,µm,Spot,Position,1,1267,
1025.11,1853.47,5000.12,µm,Spot,Position,1,1274,
994.576,1853.84,5036.81,µm,Spot,Position,1,1290,
1107.74,1881.89,4955.21,µm,Spot,Position,1,1296,
1096.15,1836.18,4962.95,µm,Spot,Position,1,1299,
1106.94,1863.83,4961.78,µm,Spot,Position,1,1300,
1075.65,1875.2,4970.23,µm,Spot,Position,1,1305,
1096.3,1827.26,4980.23,µm,Spot,Position,1,1310,
1067.88,1833.45,5012.37,µm,Spot,Position,1,1327,
1154.08,1825.94,4939.8,µm,Spot,Position,1,1347,
1172.24,1877.44,4955.04,µm,Spot,Position,1,1351,
1150.49,1839.66,4958.8,µm,Spot,Position,1,1354,
1152.61,1861.57,4960.57,µm,Spot,Position,1,1357,
1158.45,1874.51,4960.52,µm,Spot,Position,1,1358,
1112.35,1831.16,4962.72,µm,Spot,Position,1,1359,
1170.81,1865.84,4963.91,µm,Spot,Position,1,1362,
1150.72,1841.18,4973.92,µm,Spot,Position,1,1365,
1123.99,1863.51,4974.29,µm,Spot,Position,1,1366,
1146.83,1862.04,4986.49,µm,Spot,Position,1,1369,
1174.03,1848.16,4950.02,µm,Spot,Position,1,1396,
838.401,1913.11,5032.36,µm,Spot,Position,1,1429,
815.996,1887.97,5034.38,µm,Spot,Position,1,1431,
826.41,1898.9,5038.63,µm,Spot,Position,1,1433,
848.688,1934.13,5046.92,µm,Spot,Position,1,1438,
830.755,1922.65,5050.89,µm,Spot,Position,1,1441,
844.954,1916.61,5052.62,µm,Spot,Position,1,1442,
914.583,1901.15,4995.68,µm,Spot,Position,1,1456,
867.298,1937.17,5003.43,µm,Spot,Position,1,1459,
919.347,1902.36,5006.65,µm,Spot,Position,1,1460,
900.257,1924.82,5008.86,µm,Spot,Position,1,1462,
870.546,1900.65,5011.56,µm,Spot,Position,1,1463,
914.117,1940.86,5010.24,µm,Spot,Position,1,1464,
857.224,1894.59,5013.12,µm,Spot,Position,1,1465,
894.252,1939.24,5013.91,µm,Spot,Position,1,1467,
864.354,1909.76,5014.23,µm,Spot,Position,1,1469,
861.009,1925.63,5019.41,µm,Spot,Position,1,1470,
870.211,1926.38,5022.65,µm,Spot,Position,1,1474,
901.853,1905.7,5032.22,µm,Spot,Position,1,1475,
882.63,1937.32,5033.42,µm,Spot,Position,1,1476,
957.535,1939.12,4972.21,µm,Spot,Position,1,1484,
951.957,1903.99,4992.51,µm,Spot,Position,1,1488,
969.047,1933.17,4994.39,µm,Spot,Position,1,1489,
948.17,1922.89,4995.46,µm,Spot,Position,1,1491,
923.635,1923.96,5001.08,µm,Spot,Position,1,1494,
921.565,1935.38,5002.6,µm,Spot,Position,1,1495,
981.292,1886.81,5029.6,µm,Spot,Position,1,1499,
950.188,1942.6,5028.22,µm,Spot,Position,1,1500,
962.424,1924.43,5050.45,µm,Spot,Position,1,1506,
1013.09,1933.33,4965.05,µm,Spot,Position,1,1513,
1011.85,1926.02,4965.95,µm,Spot,Position,1,1514,
1035.77,1905.59,4974.98,µm,Spot,Position,1,1516,
1012.16,1890.37,4980.9,µm,Spot,Position,1,1519,
999.115,1928.52,4983.26,µm,Spot,Position,1,1520,
996.704,1885.65,4985.6,µm,Spot,Position,1,1521,
983.785,1931.14,4991.12,µm,Spot,Position,1,1522,
1018.83,1937.14,4991.01,µm,Spot,Position,1,1523,
1037.54,1894.81,5006.23,µm,Spot,Position,1,1527,
994.477,1908.53,5022.85,µm,Spot,Position,1,1530,
1107.75,1899.96,4956.47,µm,Spot,Position,1,1540,
1090.99,1910.33,4967.3,µm,Spot,Position,1,1544,
1098.4,1919.16,4968.73,µm,Spot,Position,1,1545,
1068.23,1896.03,4970.26,µm,Spot,Position,1,1548,
1060.6,1925.46,4971.98,µm,Spot,Position,1,1551,
1051.34,1919.5,4975.79,µm,Spot,Position,1,1552,
1072.3,1903.69,4989.68,µm,Spot,Position,1,1554,
1051.77,1928.71,5008.68,µm,Spot,Position,1,1561,
1145.94,1904.76,4955.43,µm,Spot,Position,1,1580,
1155.49,1907.73,4960.62,µm,Spot,Position,1,1582,
1162.2,1890.4,4962.02,µm,Spot,Position,1,1583,
1157.07,1898.59,4962.26,µm,Spot,Position,1,1584,
1125.42,1941.47,4962.5,µm,Spot,Position,1,1585,
1138.51,1935.01,4967.35,µm,Spot,Position,1,1586,
1122,1943.99,5018.69,µm,Spot,Position,1,1594,
837.357,1981.47,4942.5,µm,Spot,Position,1,1607,
899.813,1962.2,5008.52,µm,Spot,Position,1,1640,
886.822,1963.26,5020.97,µm,Spot,Position,1,1641,
903.551,1983.9,5022.48,µm,Spot,Position,1,1642,
861.974,1959.98,5035.05,µm,Spot,Position,1,1648,
867.047,1970.3,5049.39,µm,Spot,Position,1,1651,
956.74,1972.06,4994.87,µm,Spot,Position,1,1666,
951.11,1965.44,4997.51,µm,Spot,Position,1,1667,
965.479,1966.57,4998.12,µm,Spot,Position,1,1668,
924.112,1976.05,5007.05,µm,Spot,Position,1,1672,
948.922,1947.14,5020.47,µm,Spot,Position,1,1676,
1018.5,1951.79,4982.23,µm,Spot,Position,1,1688,
1042.98,1956.28,4983.64,µm,Spot,Position,1,1689,
1029.35,1957.52,4983.32,µm,Spot,Position,1,1690,
994.651,1962.09,4987.83,µm,Spot,Position,1,1691,
1031.93,1992.09,4990.4,µm,Spot,Position,1,1692,
998.664,1989.36,4995.71,µm,Spot,Position,1,1693,
1024.17,1956.46,5006.7,µm,Spot,Position,1,1695,
1085.09,1969.99,4955.03,µm,Spot,Position,1,1708,
1103.14,1949.29,4955.55,µm,Spot,Position,1,1709,
1066.1,1991,4971.84,µm,Spot,Position,1,1715,
1083.93,1994.31,4973.75,µm,Spot,Position,1,1716,
1056.17,1983.81,4982.54,µm,Spot,Position,1,1717,
1111.77,1949.44,4954.5,µm,Spot,Position,1,1735,
1142.95,1951.42,4964.17,µm,Spot,Position,1,1738,
1121.78,1959.11,4964.94,µm,Spot,Position,1,1739,
1139.96,1970.43,4969.49,µm,Spot,Position,1,1740,
833.364,1624.07,5125.97,µm,Spot,Position,1,1787,
806.261,1686.42,5074.01,µm,Spot,Position,1,2012,
1010.1,1699.63,5082.5,µm,Spot,Position,1,2153,
968.137,1726.02,5070.84,µm,Spot,Position,1,2301,
965.517,1750.42,5160.11,µm,Spot,Position,1,2332,
999.981,1738.84,5058.82,µm,Spot,Position,1,2337,
940.115,1802.68,5085.8,µm,Spot,Position,1,2451,
927.462,1805.95,5089.23,µm,Spot,Position,1,2454,
945.981,1781.04,5092.72,µm,Spot,Position,1,2455,
958.738,1793.01,5125.09,µm,Spot,Position,1,2463,
927.606,1824.32,5144.78,µm,Spot,Position,1,2472,
1000.34,1768.32,5068.62,µm,Spot,Position,1,2478,
994.165,1803.15,5074.31,µm,Spot,Position,1,2479,
799.57,1840.81,5057.66,µm,Spot,Position,1,2531,
885.769,1837,5062.84,µm,Spot,Position,1,2559,
952.181,1837.79,5070.41,µm,Spot,Position,1,2598,
943.501,1876.02,5070.67,µm,Spot,Position,1,2599,
938.743,1826.9,5083.43,µm,Spot,Position,1,2601,
961.865,1871.32,5117.05,µm,Spot,Position,1,2616,
928.714,1833.77,5131.05,µm,Spot,Position,1,2618,
1017.12,1849.19,5056.21,µm,Spot,Position,1,2632,
998.192,1835.88,5076.78,µm,Spot,Position,1,2641,
1079.6,1874.09,5113.45,µm,Spot,Position,1,2672,
815.16,1937.09,5068.89,µm,Spot,Position,1,2696,
821.627,1944.64,5072.09,µm,Spot,Position,1,2697,
804.324,1918.84,5078.73,µm,Spot,Position,1,2700,
810.324,1930.37,5082.2,µm,Spot,Position,1,2701,
919.782,1936.7,5055.49,µm,Spot,Position,1,2723,
908.334,1933.33,5060.02,µm,Spot,Position,1,2725,
882.582,1897.86,5103.3,µm,Spot,Position,1,2734,
835.124,1957.69,5062,µm,Spot,Position,1,2835,
859.047,1967.89,5055.38,µm,Spot,Position,1,2843,
905.744,1976.27,5056.2,µm,Spot,Position,1,2844,
872.567,1991.74,5064.82,µm,Spot,Position,1,2846,
904.067,1953.59,5150.15,µm,Spot,Position,1,2859,
959.483,1973.6,5067,µm,Spot,Position,1,2861,
845.204,1608.08,4986.05,µm,Spot,Position,2,2914,
833.075,1639.23,4988.84,µm,Spot,Position,2,2917,
803.36,1583.55,4991.29,µm,Spot,Position,2,2918,
814.509,1609.22,4992.97,µm,Spot,Position,2,2920,
850.318,1604.47,5003.42,µm,Spot,Position,2,2924,
828.065,1615.51,5032.21,µm,Spot,Position,2,2941,
824.549,1601.25,5040.5,µm,Spot,Position,2,2947,
916.956,1583.55,4970.64,µm,Spot,Position,2,2967,
917.083,1583.55,4978.83,µm,Spot,Position,2,2972,
883.37,1623.25,4989.96,µm,Spot,Position,2,2976,
917.69,1640.9,4989.47,µm,Spot,Position,2,2977,
873.554,1642.97,4993.66,µm,Spot,Position,2,2978,
910.106,1633.47,5002.07,µm,Spot,Position,2,2981,
924.051,1627.65,4985.69,µm,Spot,Position,2,3017,
979.026,1583.55,4988.45,µm,Spot,Position,2,3019,
959.17,1604.02,4987.7,µm,Spot,Position,2,3020,
955.022,1583.55,4991.7,µm,Spot,Position,2,3022,
953.189,1639.71,4995.93,µm,Spot,Position,2,3023,
935.335,1617.73,4996.55,µm,Spot,Position,2,3024,
1023.8,1585.1,4946,µm,Spot,Position,2,3055,
1043.65,1603.07,4975.29,µm,Spot,Position,2,3064,
1013.95,1591.84,4978.26,µm,Spot,Position,2,3066,
999.516,1598.56,4986.18,µm,Spot,Position,2,3068,
984.51,1613.5,4993.61,µm,Spot,Position,2,3072,
991.26,1599.38,5008.48,µm,Spot,Position,2,3078,
1083.12,1635.61,4930.85,µm,Spot,Position,2,3099,
1101.78,1622.23,4972.64,µm,Spot,Position,2,3113,
1108.94,1639.8,4972.26,µm,Spot,Position,2,3114,
1089.8,1637.75,4989.42,µm,Spot,Position,2,3123,
1061.15,1621.16,5001.78,µm,Spot,Position,2,3127,
1079.08,1586.25,5028.21,µm,Spot,Position,2,3139,
1145.75,1583.55,4930.85,µm,Spot,Position,2,3143,
1153.35,1584.64,4930.85,µm,Spot,Position,2,3144,
1128.35,1615.64,4951.34,µm,Spot,Position,2,3147,
1166.96,1602.43,4959.24,µm,Spot,Position,2,3153,
1152.3,1635.34,4964.94,µm,Spot,Position,2,3156,
1134.72,1627.25,4968.69,µm,Spot,Position,2,3158,
1118.83,1636.66,4978.31,µm,Spot,Position,2,3166,
1183.68,1614.31,4957.3,µm,Spot,Position,2,3198,
839.417,1695,4997.42,µm,Spot,Position,2,3222,
800.888,1643.65,4998.85,µm,Spot,Position,2,3223,
827.526,1657.11,4999.1,µm,Spot,Position,2,3224,
841.379,1694.3,5011.88,µm,Spot,Position,2,3232,
799.254,1649.44,5018.55,µm,Spot,Position,2,3233,
809.123,1676.58,5034.88,µm,Spot,Position,2,3241,
846.503,1653.82,5039.38,µm,Spot,Position,2,3242,
806.313,1692.6,5038,µm,Spot,Position,2,3244,
802.168,1664.77,5051.4,µm,Spot,Position,2,3249,
818.531,1700.15,5053.92,µm,Spot,Position,2,3251,
898.447,1671.51,4988.04,µm,Spot,Position,2,3266,
861.593,1664.32,4991.04,µm,Spot,Position,2,3267,
893.764,1678.91,4992.03,µm,Spot,Position,2,3268,
897.06,1663.48,4994.83,µm,Spot,Position,2,3270,
889.026,1693.18,4997.6,µm,Spot,Position,2,3271,
895.966,1645.53,5013.38,µm,Spot,Position,2,3275,
865.847,1700,5017.84,µm,Spot,Position,2,3280,
955.481,1701.9,4971.87,µm,Spot,Position,2,3306,
952.652,1653.68,4986.26,µm,Spot,Position,2,3309,
958.197,1675.91,4985.06,µm,Spot,Position,2,3311,
971.271,1684.43,4985.15,µm,Spot,Position,2,3312,
923.514,1661.2,4987.16,µm,Spot,Position,2,3313,
938.96,1687.44,4990.75,µm,Spot,Position,2,3316,
946.234,1698.91,4992.3,µm,Spot,Position,2,3317,
1007.01,1672.77,4966.4,µm,Spot,Position,2,3350,
1004.61,1648.22,4980.24,µm,Spot,Position,2,3357,
990.811,1680.85,4979.14,µm,Spot,Position,2,3358,
1021.44,1702.35,4980.3,µm,Spot,Position,2,3360,
1010.07,1684.64,4981.42,µm,Spot,Position,2,3361,
1030.76,1686.41,5000.17,µm,Spot,Position,2,3369,
1010.58,1668.85,5048.89,µm,Spot,Position,2,3393,
1060.34,1671,4984.26,µm,Spot,Position,2,3416,
1102.81,1669.41,4985.53,µm,Spot,Position,2,3417,
1160.95,1677.95,4939.28,µm,Spot,Position,2,3436,
1168.1,1658.46,4949.25,µm,Spot,Position,2,3438,
1154.31,1664.44,4953.38,µm,Spot,Position,2,3443,
1153.05,1647.06,4960.05,µm,Spot,Position,2,3444,
1131.42,1702.39,4960.96,µm,Spot,Position,2,3445,
1148.99,1663.44,4964.23,µm,Spot,Position,2,3448,
1138.68,1682.65,4966.7,µm,Spot,Position,2,3449,
1126.81,1680.55,4978.74,µm,Spot,Position,2,3452,
1134.22,1683.01,4980.04,µm,Spot,Position,2,3453,
1151.56,1679.92,4994.53,µm,Spot,Position,2,3459,
1183.68,1673.15,4965.12,µm,Spot,Position,2,3475,
1183.68,1691.24,4970.35,µm,Spot,Position,2,3476,
1172.61,1678.66,5002.08,µm,Spot,Position,2,3478,
1183.68,1668.69,5010.08,µm,Spot,Position,2,3480,
1173.24,1703.44,5024.57,µm,Spot,Position,2,3481,
1183.68,1681.33,5033.58,µm,Spot,Position,2,3482,
832.573,1713.37,5003.66,µm,Spot,Position,2,3502,
850.247,1756.24,5002.61,µm,Spot,Position,2,3504,
818.143,1735.73,5011.75,µm,Spot,Position,2,3506,
800.801,1756.92,5017.76,µm,Spot,Position,2,3508,
807.53,1739.69,5036.29,µm,Spot,Position,2,3516,
893.69,1758.17,4930.85,µm,Spot,Position,2,3525,
896.051,1737.28,4993.82,µm,Spot,Position,2,3532,
884.791,1733.88,4994.91,µm,Spot,Position,2,3534,
866.384,1746.22,4996.24,µm,Spot,Position,2,3535,
870.893,1759.91,4996.46,µm,Spot,Position,2,3537,
877.212,1741.55,4998.87,µm,Spot,Position,2,3538,
917.772,1754.28,5031.78,µm,Spot,Position,2,3552,
976.502,1737.91,4983.55,µm,Spot,Position,2,3568,
968.349,1754.13,4984.2,µm,Spot,Position,2,3569,
968.826,1715.2,4984.75,µm,Spot,Position,2,3570,
960.288,1725.01,4985.57,µm,Spot,Position,2,3572,
955.601,1747.48,4986.98,µm,Spot,Position,2,3573,
929.525,1760.78,4988.97,µm,Spot,Position,2,3576,
923.5,1710.67,4991,µm,Spot,Position,2,3577,
956.008,1718.7,5046.67,µm,Spot,Position,2,3606,
1003.26,1709,4974.15,µm,Spot,Position,2,3619,
998.496,1748.78,4975.82,µm,Spot,Position,2,3621,
1040.65,1747.49,4993.34,µm,Spot,Position,2,3630,
992.236,1704.97,5008.63,µm,Spot,Position,2,3637,
991.811,1724.11,5033.17,µm,Spot,Position,2,3646,
1088,1711.27,4953.65,µm,Spot,Position,2,3659,
1076.37,1715.94,4971.82,µm,Spot,Position,2,3668,
1089.27,1741.48,4978.71,µm,Spot,Position,2,3671,
1097.8,1751.97,4981.36,µm,Spot,Position,2,3672,
1074.8,1745.67,4983.93,µm,Spot,Position,2,3673,
1051.01,1758.8,4983.23,µm,Spot,Position,2,3674,
1053.47,1742.33,4999.68,µm,Spot,Position,2,3679,
1049.12,1746.6,5010.59,µm,Spot,Position,2,3684,
1079.9,1759.36,5010.32,µm,Spot,Position,2,3685,
1165.25,1736.31,4935.88,µm,Spot,Position,2,3697,
1142.55,1710.14,4946.61,µm,Spot,Position,2,3699,
1156.52,1727.29,4959.93,µm,Spot,Position,2,3708,
1162.43,1743.16,4964.55,µm,Spot,Position,2,3709,
1169.28,1708.91,4997.64,µm,Spot,Position,2,3715,
1183.68,1757.59,4946.02,µm,Spot,Position,2,3731,
1183.68,1755.46,4968.1,µm,Spot,Position,2,3733,
1173.15,1725.47,4987.34,µm,Spot,Position,2,3735,
1173.47,1732.33,4990.34,µm,Spot,Position,2,3737,
1173.98,1746.41,5032.12,µm,Spot,Position,2,3743,
838.946,1804.25,4930.85,µm,Spot,Position,2,3746,
807.061,1819.66,4947.77,µm,Spot,Position,2,3752,
804.76,1792.63,5009.06,µm,Spot,Position,2,3768,
832.491,1786.86,5018.28,µm,Spot,Position,2,3772,
850.187,1784.26,5020.52,µm,Spot,Position,2,3773,
800.446,1794.66,5021.38,µm,Spot,Position,2,3774,
836.778,1796.95,5020.96,µm,Spot,Position,2,3775,
817.646,1794.46,5021.93,µm,Spot,Position,2,3777,
806.504,1808.72,5028.54,µm,Spot,Position,2,3779,
799.557,1810.3,5038.34,µm,Spot,Position,2,3782,
830.55,1805.32,5044.28,µm,Spot,Position,2,3786,
918.228,1773.01,4990.21,µm,Spot,Position,2,3798,
909.344,1782.61,4997.27,µm,Spot,Position,2,3800,
896.053,1791.4,5001.19,µm,Spot,Position,2,3801,
868.279,1814.09,5005,µm,Spot,Position,2,3807,
865.472,1767.35,5009.68,µm,Spot,Position,2,3809,
891.646,1819.74,5008.53,µm,Spot,Position,2,3810,
857.821,1803.31,5014.16,µm,Spot,Position,2,3812,
958.63,1781.53,4988.34,µm,Spot,Position,2,3833,
973.472,1797.23,4989.15,µm,Spot,Position,2,3836,
924.091,1766.68,4991.6,µm,Spot,Position,2,3837,
965.242,1790.34,4991.92,µm,Spot,Position,2,3839,
948.462,1814.83,4991.91,µm,Spot,Position,2,3841,
925.548,1807.03,4995.86,µm,Spot,Position,2,3843,
981.165,1806.84,5052.77,µm,Spot,Position,2,3870,
1044.08,1770.07,4985.58,µm,Spot,Position,2,3888,
994.376,1781.47,4986.16,µm,Spot,Position,2,3889,
983.901,1767.85,4989.21,µm,Spot,Position,2,3892,
996.565,1786.16,5034.63,µm,Spot,Position,2,3911,
1004.46,1783.69,5046.52,µm,Spot,Position,2,3914,
1105.52,1808.76,4958.11,µm,Spot,Position,2,3924,
1069.88,1767.98,4976.18,µm,Spot,Position,2,3932,
1047.87,1820.13,5036.87,µm,Spot,Position,2,3958,
1158.27,1824.42,4946,µm,Spot,Position,2,3970,
1115.61,1819.49,4962.37,µm,Spot,Position,2,3984,
1148.85,1822.93,4964.15,µm,Spot,Position,2,3985,
1120.49,1782.75,4972.72,µm,Spot,Position,2,3987,
1183.68,1774.57,4967.44,µm,Spot,Position,2,4014,
805.117,1850.32,4953.15,µm,Spot,Position,2,4027,
845.935,1856.7,5019.48,µm,Spot,Position,2,4044,
852.853,1839.57,5021.24,µm,Spot,Position,2,4045,
828.982,1850.94,5026.77,µm,Spot,Position,2,4047,
843.278,1865.12,5030.81,µm,Spot,Position,2,4050,
810.297,1844.68,5038.15,µm,Spot,Position,2,4051,
812.644,1863.06,5039.5,µm,Spot,Position,2,4053,
799.871,1874.21,5044.56,µm,Spot,Position,2,4056,
812.977,1878.9,5045.08,µm,Spot,Position,2,4057,
797.719,1841.33,5054.99,µm,Spot,Position,2,4058,
900.258,1833.03,4986.74,µm,Spot,Position,2,4069,
895.619,1859.57,5008.04,µm,Spot,Position,2,4077,
867.203,1858.49,5011.92,µm,Spot,Position,2,4080,
911.429,1883.2,5010.94,µm,Spot,Position,2,4081,
869.746,1849.75,5016.17,µm,Spot,Position,2,4082,
903.074,1852.49,5031.03,µm,Spot,Position,2,4086,
960.916,1835.36,4989.18,µm,Spot,Position,2,4098,
949.583,1876.58,4993.71,µm,Spot,Position,2,4102,
973.307,1857.96,4995.23,µm,Spot,Position,2,4104,
964.155,1883.28,5002.28,µm,Spot,Position,2,4107,
968.832,1870.84,5017.49,µm,Spot,Position,2,4114,
974.792,1855.29,5030.89,µm,Spot,Position,2,4117,
1038.57,1866.44,4976.31,µm,Spot,Position,2,4129,
1016.34,1868.82,4983.98,µm,Spot,Position,2,4133,
1011.89,1854.46,4985.6,µm,Spot,Position,2,4136,
996.503,1838.46,4988.86,µm,Spot,Position,2,4138,
1097.8,1838.91,4967.43,µm,Spot,Position,2,4170,
1076.44,1877.13,4975.4,µm,Spot,Position,2,4177,
1098.9,1827.86,4985.37,µm,Spot,Position,2,4180,
1071.67,1833.46,5016.21,µm,Spot,Position,2,4193,
1151.3,1842.48,4965.44,µm,Spot,Position,2,4214,
1159.76,1852.52,4966.19,µm,Spot,Position,2,4215,
1156.12,1862.5,4966.8,µm,Spot,Position,2,4216,
1159.56,1876.44,4965.89,µm,Spot,Position,2,4217,
1171.51,1867.82,4969.46,µm,Spot,Position,2,4220,
1126.74,1866.08,4979.5,µm,Spot,Position,2,4223,
1150.58,1863.15,4992.37,µm,Spot,Position,2,4228,
1174.29,1878.55,4962.09,µm,Spot,Position,2,4251,
838.211,1919.27,5034.2,µm,Spot,Position,2,4284,
826.123,1901.95,5040.13,µm,Spot,Position,2,4288,
810,1887.95,5049.19,µm,Spot,Position,2,4291,
821.343,1918.16,5050.4,µm,Spot,Position,2,4293,
846.193,1936.46,5050.51,µm,Spot,Position,2,4294,
797.623,1886.49,5054.57,µm,Spot,Position,2,4295,
829.983,1924.79,5053.73,µm,Spot,Position,2,4296,
909.891,1904.93,4998.75,µm,Spot,Position,2,4311,
865.429,1934.75,5003.24,µm,Spot,Position,2,4312,
917.254,1905.1,5010.94,µm,Spot,Position,2,4315,
899.114,1928.1,5011.09,µm,Spot,Position,2,4316,
912.498,1945.25,5013.15,µm,Spot,Position,2,4317,
862.516,1913.3,5015.52,µm,Spot,Position,2,4319,
868.423,1928.93,5024.76,µm,Spot,Position,2,4324,
902.96,1907.62,5035.58,µm,Spot,Position,2,4326,
957.788,1938.33,4974.24,µm,Spot,Position,2,4332,
950.126,1906.71,4994.8,µm,Spot,Position,2,4338,
968.147,1937.75,4996.63,µm,Spot,Position,2,4341,
951.764,1945.09,5030,µm,Spot,Position,2,4349,
982.909,1888.67,5032.61,µm,Spot,Position,2,4350,
1010.92,1924.56,4969.94,µm,Spot,Position,2,4369,
1011.96,1892.75,4984.35,µm,Spot,Position,2,4375,
997.086,1931.07,4986.93,µm,Spot,Position,2,4376,
983.322,1935.11,4992.72,µm,Spot,Position,2,4380,
1019.06,1940.71,4993.04,µm,Spot,Position,2,4381,
1092.88,1912.42,4971.71,µm,Spot,Position,2,4403,
1098.96,1924.06,4972.76,µm,Spot,Position,2,4404,
1067.67,1899.3,4974.06,µm,Spot,Position,2,4405,
1051.97,1922.77,4979.81,µm,Spot,Position,2,4409,
1075.34,1906.46,4993.87,µm,Spot,Position,2,4412,
1055.84,1931.28,5009.99,µm,Spot,Position,2,4417,
1164.38,1889.92,4965.62,µm,Spot,Position,2,4438,
1158.97,1900.7,4966.2,µm,Spot,Position,2,4439,
1157.81,1914.37,4965.73,µm,Spot,Position,2,4441,
1128.69,1943.3,4965.45,µm,Spot,Position,2,4442,
1139.53,1940.06,4970.69,µm,Spot,Position,2,4443,
844.992,1975.69,4943.76,µm,Spot,Position,2,4469,
799.751,1967.83,5036.86,µm,Spot,Position,2,4488,
896.01,1967.41,5012.36,µm,Spot,Position,2,4503,
902.405,1987.63,5023.14,µm,Spot,Position,2,4505,
877.313,1962.85,5026.56,µm,Spot,Position,2,4506,
867.491,1972.93,5053.35,µm,Spot,Position,2,4514,
964.589,1970.97,4998.78,µm,Spot,Position,2,4528,
922.17,1980.99,5008.69,µm,Spot,Position,2,4532,
950.275,1950.76,5022.18,µm,Spot,Position,2,4536,
1020.31,1957.87,4984.89,µm,Spot,Position,2,4552,
1045.2,1958.56,4987.75,µm,Spot,Position,2,4554,
989.613,1966.46,4990.96,µm,Spot,Position,2,4558,
1066.38,1994.71,4973.35,µm,Spot,Position,2,4579,
1056.59,1985.64,4985.49,µm,Spot,Position,2,4581,
1048.41,1993.82,4985.5,µm,Spot,Position,2,4582,
1113.8,1950.46,4958.23,µm,Spot,Position,2,4596,
1146.05,1954.9,4966.97,µm,Spot,Position,2,4599,
1120.82,1964.35,4971.61,µm,Spot,Position,2,4600,
1140.81,1973.74,4973.19,µm,Spot,Position,2,4601,
1129.95,1969.31,4975.73,µm,Spot,Position,2,4602,
1129.44,1947.05,5020.55,µm,Spot,Position,2,4606,
808.735,1685.9,5071.92,µm,Spot,Position,2,4927,
1014.08,1700.37,5079.78,µm,Spot,Position,2,5082,
969.766,1724,5070.21,µm,Spot,Position,2,5246,
895.494,1768.45,5072.13,µm,Spot,Position,2,5381,
877.27,1778.15,5136.72,µm,Spot,Position,2,5395,
932.236,1806.28,5080.77,µm,Spot,Position,2,5414,
941.375,1801.73,5082.8,µm,Spot,Position,2,5415,
932.153,1823.9,5143.54,µm,Spot,Position,2,5432,
1001.78,1766.45,5068.1,µm,Spot,Position,2,5441,
995.717,1801.58,5077.79,µm,Spot,Position,2,5443,
886.903,1837.39,5063.17,µm,Spot,Position,2,5508,
953.942,1837.78,5070.55,µm,Spot,Position,2,5546,
945.721,1877.12,5071.96,µm,Spot,Position,2,5548,
928.369,1832.88,5141.52,µm,Spot,Position,2,5566,
1022.03,1849.19,5056.2,µm,Spot,Position,2,5574,
1019.97,1828.88,5090.3,µm,Spot,Position,2,5585,
817.971,1939.19,5075.8,µm,Spot,Position,2,5630,
814.579,1930.99,5091.91,µm,Spot,Position,2,5637,
911.631,1934.03,5062.11,µm,Spot,Position,2,5655,
886.633,1897.71,5104.36,µm,Spot,Position,2,5665,
921.149,1937.57,5057.83,µm,Spot,Position,2,5675,
875.548,1992.74,5066.27,µm,Spot,Position,2,5766,
911.737,1951.91,5151.95,µm,Spot,Position,2,5777,
855.073,1583.55,4930.85,µm,Spot,Position,3,5804,
844.573,1605.47,4985.83,µm,Spot,Position,3,5816,
833.307,1636.17,4988.45,µm,Spot,Position,3,5817,
801.632,1583.55,4992.9,µm,Spot,Position,3,5818,
814.979,1606.12,4993.16,µm,Spot,Position,3,5819,
851.224,1609.81,4995.59,µm,Spot,Position,3,5821,
802.229,1638.98,4997.91,µm,Spot,Position,3,5823,
850.22,1600.53,5002.79,µm,Spot,Position,3,5824,
828.105,1612.26,5030.75,µm,Spot,Position,3,5840,
898.078,1596.58,4990.12,µm,Spot,Position,3,5870,
917.858,1638.34,4989.95,µm,Spot,Position,3,5871,
882.141,1619.8,4991.49,µm,Spot,Position,3,5874,
874.952,1637.87,4992.75,µm,Spot,Position,3,5876,
909.828,1629.51,5002.62,µm,Spot,Position,3,5879,
896.565,1642.96,5013.25,µm,Spot,Position,3,5884,
967.362,1607.88,4961.97,µm,Spot,Position,3,5906,
924.299,1626.58,4986.7,µm,Spot,Position,3,5915,
961.02,1602.42,4988.58,µm,Spot,Position,3,5917,
936.406,1615.32,4997.22,µm,Spot,Position,3,5922,
953.849,1637.16,4996.47,µm,Spot,Position,3,5923,
1043.68,1601.38,4974.45,µm,Spot,Position,3,5958,
1001.07,1594.96,4986.17,µm,Spot,Position,3,5964,
985.587,1610.65,4995.83,µm,Spot,Position,3,5967,
992.086,1595.76,5008.79,µm,Spot,Position,3,5974,
1109,1636.03,4974.33,µm,Spot,Position,3,6016,
1090.98,1634.21,4989.58,µm,Spot,Position,3,6023,
1058.74,1621.61,5004.82,µm,Spot,Position,3,6030,
1131.27,1614.91,4951.54,µm,Spot,Position,3,6059,
1153.75,1632.9,4965.82,µm,Spot,Position,3,6069,
1137.68,1625.63,4969.78,µm,Spot,Position,3,6071,
1119.31,1634.94,4978.31,µm,Spot,Position,3,6075,
1114.24,1605.57,4981.66,µm,Spot,Position,3,6078,
1183.68,1611.18,4959.39,µm,Spot,Position,3,6105,
839.006,1692.16,4996.89,µm,Spot,Position,3,6129,
826.821,1654.09,4998.97,µm,Spot,Position,3,6130,
840.55,1691,5012.67,µm,Spot,Position,3,6136,
821.261,1691.05,5019.32,µm,Spot,Position,3,6142,
807.668,1672.24,5034.76,µm,Spot,Position,3,6144,
846.688,1650.85,5038.05,µm,Spot,Position,3,6146,
812.829,1703.68,5044.47,µm,Spot,Position,3,6152,
801.764,1662.71,5048.94,µm,Spot,Position,3,6153,
818.229,1697.72,5052.83,µm,Spot,Position,3,6155,
896.731,1670.19,4989.85,µm,Spot,Position,3,6166,
860.261,1660.79,4991.49,µm,Spot,Position,3,6168,
893.24,1676.66,4992.41,µm,Spot,Position,3,6169,
862.974,1653.63,4992.79,µm,Spot,Position,3,6170,
898.075,1661.1,4994.62,µm,Spot,Position,3,6171,
888.284,1691.6,4996.01,µm,Spot,Position,3,6172,
867.142,1693.44,5018.93,µm,Spot,Position,3,6181,
906.877,1691.34,5048.9,µm,Spot,Position,3,6190,
886.851,1666.67,5052.19,µm,Spot,Position,3,6194,
978.133,1667.68,4980.35,µm,Spot,Position,3,6208,
959.373,1674.31,4983.83,µm,Spot,Position,3,6209,
953.444,1651.27,4986.98,µm,Spot,Position,3,6210,
926.315,1659.33,4987.22,µm,Spot,Position,3,6211,
971.25,1680.54,4986.94,µm,Spot,Position,3,6212,
965.46,1695.21,4988.12,µm,Spot,Position,3,6213,
952.635,1701.25,4990.27,µm,Spot,Position,3,6217,
946.042,1676.75,4990.71,µm,Spot,Position,3,6218,
939.357,1685.2,4991.18,µm,Spot,Position,3,6219,
1009.27,1670.26,4965.12,µm,Spot,Position,3,6251,
1010.66,1690.16,4980.18,µm,Spot,Position,3,6257,
1022.56,1699.85,4979.99,µm,Spot,Position,3,6258,
1033.09,1686.16,4998.37,µm,Spot,Position,3,6264,
990.471,1700.53,5003.99,µm,Spot,Position,3,6266,
1026.37,1684.38,5009.27,µm,Spot,Position,3,6267,
1011.49,1666.75,5046.31,µm,Spot,Position,3,6283,
1058.01,1656.06,4976.16,µm,Spot,Position,3,6302,
1102.37,1680.09,4982.42,µm,Spot,Position,3,6306,
1104.15,1667.38,4983.57,µm,Spot,Position,3,6308,
1169.64,1655.68,4950.71,µm,Spot,Position,3,6333,
1154.05,1662.57,4955.46,µm,Spot,Position,3,6336,
1133.69,1701.45,4961.76,µm,Spot,Position,3,6339,
1150.8,1660.72,4963.87,µm,Spot,Position,3,6341,
1151.78,1690.1,4964.48,µm,Spot,Position,3,6342,
1140.52,1656.86,4968.29,µm,Spot,Position,3,6343,
1139.24,1679.75,4967.51,µm,Spot,Position,3,6344,
1128.27,1678.38,4980,µm,Spot,Position,3,6350,
1138.53,1680.1,4985.17,µm,Spot,Position,3,6352,
1152.91,1677.89,4994.52,µm,Spot,Position,3,6355,
1171.5,1674.49,4999.1,µm,Spot,Position,3,6358,
1173.4,1701.24,5023.12,µm,Spot,Position,3,6388,
1183.68,1678.55,5033.53,µm,Spot,Position,3,6389,
851.978,1754.04,5001.6,µm,Spot,Position,3,6411,
828.71,1711.94,5003.96,µm,Spot,Position,3,6412,
814.074,1732.66,5010.81,µm,Spot,Position,3,6416,
801.706,1750.25,5017.09,µm,Spot,Position,3,6417,
848.647,1718.03,5023.34,µm,Spot,Position,3,6419,
808.453,1738.47,5036.3,µm,Spot,Position,3,6423,
896.18,1734.95,4993.32,µm,Spot,Position,3,6438,
903.121,1714.55,4996.07,µm,Spot,Position,3,6440,
884.216,1730.35,4994.78,µm,Spot,Position,3,6441,
878.027,1739.31,4998.08,µm,Spot,Position,3,6443,
875.325,1753.02,5009.79,µm,Spot,Position,3,6447,
917.391,1752.8,5029.07,µm,Spot,Position,3,6454,
963.681,1732.27,4983.77,µm,Spot,Position,3,6474,
969.688,1752.83,4984.03,µm,Spot,Position,3,6475,
966.252,1718.17,4985.47,µm,Spot,Position,3,6476,
923.869,1708.23,4990.32,µm,Spot,Position,3,6478,
931.324,1756.8,4989.5,µm,Spot,Position,3,6481,
962.449,1718.09,5042.05,µm,Spot,Position,3,6506,
999.759,1747.33,4974.75,µm,Spot,Position,3,6522,
1041.73,1745.26,4992.77,µm,Spot,Position,3,6531,
1088.08,1708.69,4953.67,µm,Spot,Position,3,6561,
1085.78,1730.28,4977.03,µm,Spot,Position,3,6569,
1090.9,1739.84,4977.9,µm,Spot,Position,3,6570,
1098.87,1750.41,4982.09,µm,Spot,Position,3,6573,
1051.55,1756.72,4982.06,µm,Spot,Position,3,6574,
1076.12,1744.34,4983.31,µm,Spot,Position,3,6575,
1053.14,1740.26,4998.53,µm,Spot,Position,3,6582,
1080.01,1758.18,5007.62,µm,Spot,Position,3,6586,
1049.34,1744.45,5008.55,µm,Spot,Position,3,6587,
1166.22,1733.49,4937.47,µm,Spot,Position,3,6600,
1143.64,1708.49,4946.89,µm,Spot,Position,3,6603,
1156.8,1727.04,4961.57,µm,Spot,Position,3,6611,
1163.99,1742.25,4966.32,µm,Spot,Position,3,6612,
1183.68,1754.59,4945.11,µm,Spot,Position,3,6631,
1183.68,1754.39,4970.23,µm,Spot,Position,3,6635,
1174.07,1730.86,4990.51,µm,Spot,Position,3,6639,
1173.14,1706.83,4998.19,µm,Spot,Position,3,6640,
1183.68,1726.07,5012.26,µm,Spot,Position,3,6642,
1173.95,1744.4,5030.51,µm,Spot,Position,3,6646,
841.894,1802.19,4930.85,µm,Spot,Position,3,6652,
808.881,1815.15,4946.41,µm,Spot,Position,3,6654,
804.527,1789.55,5008.26,µm,Spot,Position,3,6669,
826.338,1786.39,5017.12,µm,Spot,Position,3,6672,
854.88,1786.87,5016.44,µm,Spot,Position,3,6673,
836.592,1793.95,5019.11,µm,Spot,Position,3,6674,
815.315,1794.57,5023.05,µm,Spot,Position,3,6675,
850.158,1768.88,5030.93,µm,Spot,Position,3,6677,
804.115,1807.02,5029.75,µm,Spot,Position,3,6678,
831.956,1805.15,5040.42,µm,Spot,Position,3,6682,
919.618,1771.68,4989.6,µm,Spot,Position,3,6699,
910.022,1780.88,4996.05,µm,Spot,Position,3,6701,
895.896,1789.79,5000.35,µm,Spot,Position,3,6704,
879.011,1779.09,5005.25,µm,Spot,Position,3,6708,
891.501,1818.1,5007.57,µm,Spot,Position,3,6709,
865.457,1765.07,5008.53,µm,Spot,Position,3,6711,
858.105,1802.43,5011.56,µm,Spot,Position,3,6712,
959.533,1779.06,4987.71,µm,Spot,Position,3,6733,
975.114,1795.06,4988.22,µm,Spot,Position,3,6735,
965.842,1788.49,4990.61,µm,Spot,Position,3,6740,
948.961,1813.17,4991.28,µm,Spot,Position,3,6741,
926.307,1805.13,4995.19,µm,Spot,Position,3,6742,
943.52,1808.45,5001.6,µm,Spot,Position,3,6743,
941.692,1822.7,5042.54,µm,Spot,Position,3,6762,
982.211,1805.9,5051.13,µm,Spot,Position,3,6764,
1045.43,1769.74,4984.71,µm,Spot,Position,3,6782,
984.288,1767.07,4989.4,µm,Spot,Position,3,6785,
1043.93,1824.88,5034.12,µm,Spot,Position,3,6798,
1106.92,1805.68,4957.78,µm,Spot,Position,3,6811,
1071.07,1767.34,4976.11,µm,Spot,Position,3,6821,
1097.53,1822.6,4985.51,µm,Spot,Position,3,6826,
1159.6,1821.4,4945.93,µm,Spot,Position,3,6857,
1119.9,1819.17,4962.04,µm,Spot,Position,3,6868,
1148.88,1822.77,4963.72,µm,Spot,Position,3,6870,
1122.2,1781.92,4972.88,µm,Spot,Position,3,6873,
1114.61,1779.95,4981.07,µm,Spot,Position,3,6878,
807.759,1846.44,4951.16,µm,Spot,Position,3,6914,
853.816,1838.16,5019.24,µm,Spot,Position,3,6929,
846.47,1855.74,5021.59,µm,Spot,Position,3,6930,
829.674,1849.52,5025.33,µm,Spot,Position,3,6932,
837.186,1884.76,5023.77,µm,Spot,Position,3,6933,
843.422,1863.85,5028.84,µm,Spot,Position,3,6935,
813.488,1861.25,5036.9,µm,Spot,Position,3,6937,
813.455,1878.15,5044.19,µm,Spot,Position,3,6941,
810.486,1885.01,5046.58,µm,Spot,Position,3,6942,
797.677,1840.39,5053.27,µm,Spot,Position,3,6946,
900.336,1829.62,4986.91,µm,Spot,Position,3,6962,
875.882,1859.18,5003.54,µm,Spot,Position,3,6968,
895.772,1859.23,5006.34,µm,Spot,Position,3,6970,
867.726,1857.72,5009.69,µm,Spot,Position,3,6971,
911.877,1882.94,5009.06,µm,Spot,Position,3,6972,
870.251,1848.17,5012.96,µm,Spot,Position,3,6973,
902.911,1864.01,5038.29,µm,Spot,Position,3,6979,
962.12,1835.19,4988.26,µm,Spot,Position,3,6991,
973.654,1857.73,4993.5,µm,Spot,Position,3,6996,
964.701,1882.46,4999.71,µm,Spot,Position,3,7001,
968.87,1870.38,5015.6,µm,Spot,Position,3,7008,
975.829,1853.31,5026.7,µm,Spot,Position,3,7013,
1039.33,1865.27,4974.16,µm,Spot,Position,3,7029,
998.048,1837.24,4987.01,µm,Spot,Position,3,7038,
1077.02,1875.86,4973.66,µm,Spot,Position,3,7074,
1071.66,1831.84,5014.38,µm,Spot,Position,3,7093,
1111.11,1877.06,4959.06,µm,Spot,Position,3,7111,
1161.1,1876.64,4964.41,µm,Spot,Position,3,7116,
1154.04,1840.94,4965.17,µm,Spot,Position,3,7117,
1156.3,1861.16,4965.59,µm,Spot,Position,3,7120,
1151.53,1862.03,4989.55,µm,Spot,Position,3,7131,
1177.6,1875.69,4962.2,µm,Spot,Position,3,7155,
1173.09,1869.25,4968.28,µm,Spot,Position,3,7156,
826.577,1901.98,5038.79,µm,Spot,Position,3,7189,
821.925,1915.28,5047.83,µm,Spot,Position,3,7195,
831.221,1924.84,5050.2,µm,Spot,Position,3,7198,
909.165,1902.33,4996.03,µm,Spot,Position,3,7215,
864.402,1931.23,5002.18,µm,Spot,Position,3,7217,
919.608,1903.57,5006.96,µm,Spot,Position,3,7219,
883.401,1908.68,5006.86,µm,Spot,Position,3,7220,
899.551,1926.38,5009.28,µm,Spot,Position,3,7221,
911.92,1944.56,5010.94,µm,Spot,Position,3,7223,
862.984,1911.57,5013.58,µm,Spot,Position,3,7224,
868.672,1928.31,5022.09,µm,Spot,Position,3,7229,
903.475,1906.67,5032.43,µm,Spot,Position,3,7230,
958.701,1934.86,4973.43,µm,Spot,Position,3,7243,
950.167,1904.45,4993.93,µm,Spot,Position,3,7249,
968.892,1937.2,4994.76,µm,Spot,Position,3,7251,
952.066,1944.78,5027.59,µm,Spot,Position,3,7259,
1010.15,1920.02,4967.62,µm,Spot,Position,3,7275,
1017.01,1890.35,4980.62,µm,Spot,Position,3,7280,
998.339,1929.57,4985.56,µm,Spot,Position,3,7282,
1019.89,1939.67,4989.34,µm,Spot,Position,3,7284,
984.128,1934.58,4990.58,µm,Spot,Position,3,7285,
983.147,1888.08,5029.69,µm,Spot,Position,3,7295,
1093.28,1911.59,4969.6,µm,Spot,Position,3,7309,
1096.72,1926.97,4970.17,µm,Spot,Position,3,7310,
1050.93,1919.8,4976.12,µm,Spot,Position,3,7316,
1058.94,1929.93,4975.82,µm,Spot,Position,3,7317,
1076.2,1905.38,4990.97,µm,Spot,Position,3,7322,
1056.19,1930.91,5006.56,µm,Spot,Position,3,7326,
1165.23,1886.28,4964.16,µm,Spot,Position,3,7345,
1166.29,1903.15,4964.06,µm,Spot,Position,3,7347,
1161.56,1912.03,4965.94,µm,Spot,Position,3,7349,
1141.63,1940.21,4969.01,µm,Spot,Position,3,7351,
1130.13,1945.43,5016.68,µm,Spot,Position,3,7360,
848.777,1969.84,4941.83,µm,Spot,Position,3,7376,
889.691,1969.33,5010.3,µm,Spot,Position,3,7404,
902.037,1987.76,5022.54,µm,Spot,Position,3,7405,
878.013,1962.23,5025.19,µm,Spot,Position,3,7406,
867.601,1973.22,5052.03,µm,Spot,Position,3,7415,
964.943,1970.72,4997.14,µm,Spot,Position,3,7429,
922.277,1981.09,5006.5,µm,Spot,Position,3,7435,
950.509,1950.3,5017.75,µm,Spot,Position,3,7438,
1045.47,1994.68,4983.48,µm,Spot,Position,3,7452,
1023.58,1963.72,4989.09,µm,Spot,Position,3,7454,
1104.37,1998.21,4964.6,µm,Spot,Position,3,7470,
1087.72,1998.21,4979.75,µm,Spot,Position,3,7474,
1057.34,1984.2,4981.77,µm,Spot,Position,3,7475,
1046.49,1960.14,4983.9,µm,Spot,Position,3,7476,
1116.18,1948.15,4957.56,µm,Spot,Position,3,7493,
1149.04,1954.67,4965.65,µm,Spot,Position,3,7497,
1120.93,1965.42,4970.2,µm,Spot,Position,3,7498,
1141.79,1973.78,4970.33,µm,Spot,Position,3,7499,
800.311,1617.81,5077.72,µm,Spot,Position,3,7517,
808.999,1683.02,5070.94,µm,Spot,Position,3,7823,
847.571,1643.57,5093.48,µm,Spot,Position,3,7834,
1014.85,1697.31,5077.19,µm,Spot,Position,3,7960,
971.502,1721.91,5069.56,µm,Spot,Position,3,8126,
896.63,1769.96,5070.73,µm,Spot,Position,3,8280,
868.448,1795.87,5140.84,µm,Spot,Position,3,8300,
883.534,1775.24,5141.28,µm,Spot,Position,3,8301,
941.027,1801.01,5078.79,µm,Spot,Position,3,8321,
928.145,1804.77,5081.83,µm,Spot,Position,3,8323,
933.491,1822.25,5141.04,µm,Spot,Position,3,8337,
996.52,1801.1,5075.32,µm,Spot,Position,3,8348,
887.007,1836.71,5059.96,µm,Spot,Position,3,8418,
953.911,1836.19,5069.7,µm,Spot,Position,3,8458,
944.994,1880.32,5069.04,µm,Spot,Position,3,8460,
927.904,1835.32,5138.51,µm,Spot,Position,3,8480,
817.63,1935.77,5070.46,µm,Spot,Position,3,8547,
814.683,1929,5091.02,µm,Spot,Position,3,8553,
912.849,1933.46,5059.5,µm,Spot,Position,3,8566,
887.464,1896.42,5102.59,µm,Spot,Position,3,8576,
921.566,1937.58,5055.75,µm,Spot,Position,3,8587,
874.233,1998.21,5058.59,µm,Spot,Position,3,8688,
834.401,1635.9,4988.83,µm,Spot,Position,4,8759,
816.552,1606.43,4992.45,µm,Spot,Position,4,8761,
803.977,1638.16,4996.09,µm,Spot,Position,4,8765,
851.227,1600.93,5001.6,µm,Spot,Position,4,8768,
883.143,1621.94,4989.18,µm,Spot,Position,4,8820,
877.615,1636.47,4992.61,µm,Spot,Position,4,8822,
910.902,1628.98,5001.95,µm,Spot,Position,4,8826,
914.991,1583.55,5003.51,µm,Spot,Position,4,8827,
961.429,1604.23,4988.48,µm,Spot,Position,4,8871,
922.474,1625.17,4989.64,µm,Spot,Position,4,8873,
981.853,1583.55,4990.89,µm,Spot,Position,4,8874,
954.63,1637.33,4995.91,µm,Spot,Position,4,8877,
937.345,1615.61,4997.72,µm,Spot,Position,4,8879,
1000.94,1595.13,4986.65,µm,Spot,Position,4,8923,
985.77,1610.01,4996.79,µm,Spot,Position,4,8928,
992.788,1595.09,5008.7,µm,Spot,Position,4,8934,
1091,1635.58,4992.06,µm,Spot,Position,4,8987,
1079.73,1583.55,5030.24,µm,Spot,Position,4,9005,
1153.64,1633.33,4967.94,µm,Spot,Position,4,9027,
1139.75,1628.85,4974.12,µm,Spot,Position,4,9029,
1143.1,1583.55,4976.13,µm,Spot,Position,4,9031,
1118.54,1636.97,4980.99,µm,Spot,Position,4,9034,
1183.68,1612.39,4962.14,µm,Spot,Position,4,9059,
1183.68,1625.31,4973.53,µm,Spot,Position,4,9062,
853.531,1691.61,4999.83,µm,Spot,Position,4,9089,
840.536,1692.12,5010.27,µm,Spot,Position,4,9095,
800.431,1645.59,5016.82,µm,Spot,Position,4,9097,
808.855,1673.61,5034.67,µm,Spot,Position,4,9105,
847.565,1651.81,5036.23,µm,Spot,Position,4,9106,
802.685,1661.17,5049.2,µm,Spot,Position,4,9112,
819.288,1697.68,5051.87,µm,Spot,Position,4,9113,
914.786,1688.63,4990.99,µm,Spot,Position,4,9131,
867.072,1659.11,4994.36,µm,Spot,Position,4,9132,
898.986,1660.77,4993.99,µm,Spot,Position,4,9133,
889.649,1688.64,4998.51,µm,Spot,Position,4,9135,
916.933,1683.9,5005.22,µm,Spot,Position,4,9137,
867.607,1694.55,5017.15,µm,Spot,Position,4,9147,
901.72,1692.72,5046.65,µm,Spot,Position,4,9160,
887.625,1666.72,5050.77,µm,Spot,Position,4,9161,
972.306,1663.84,4981.67,µm,Spot,Position,4,9176,
920.729,1644.01,4987.88,µm,Spot,Position,4,9178,
954.231,1651.37,4988.12,µm,Spot,Position,4,9179,
970.528,1692.36,4987.35,µm,Spot,Position,4,9181,
958.515,1699.75,4987.47,µm,Spot,Position,4,9182,
972.149,1681.02,4988.71,µm,Spot,Position,4,9183,
929.926,1662.75,4990.52,µm,Spot,Position,4,9184,
940.338,1685.06,4991.18,µm,Spot,Position,4,9185,
1013.17,1671.31,4966.03,µm,Spot,Position,4,9219,
1009.28,1698.82,4982.19,µm,Spot,Position,4,9224,
1032.18,1687.04,4998.65,µm,Spot,Position,4,9234,
1009.93,1668.23,5046.19,µm,Spot,Position,4,9253,
1104.98,1668.78,4982.75,µm,Spot,Position,4,9277,
1170.99,1656.84,4953.27,µm,Spot,Position,4,9303,
1155.18,1660.85,4957.13,µm,Spot,Position,4,9307,
1133.8,1703.48,4964.35,µm,Spot,Position,4,9310,
1140.09,1680.57,4970.1,µm,Spot,Position,4,9313,
1139.55,1657.51,4971.72,µm,Spot,Position,4,9316,
1122.48,1688.18,4971.77,µm,Spot,Position,4,9317,
1128.32,1679.09,4981.18,µm,Spot,Position,4,9320,
1152.81,1678.67,4996.4,µm,Spot,Position,4,9325,
1183.68,1655.35,4964.7,µm,Spot,Position,4,9348,
1183.68,1697.2,4969.24,µm,Spot,Position,4,9350,
1172.49,1676.73,5002.73,µm,Spot,Position,4,9353,
1183.68,1679.82,5033.27,µm,Spot,Position,4,9358,
833.91,1711.16,5005.3,µm,Spot,Position,4,9383,
819.157,1730.13,5012.49,µm,Spot,Position,4,9386,
806.656,1745.97,5015.65,µm,Spot,Position,4,9387,
846.656,1716.98,5024.21,µm,Spot,Position,4,9390,
808.968,1738.7,5035.33,µm,Spot,Position,4,9394,
818.276,1704.69,5046.01,µm,Spot,Position,4,9399,
897.49,1734.77,4993.33,µm,Spot,Position,4,9410,
886.113,1730.7,4994.54,µm,Spot,Position,4,9412,
857.241,1723.71,5042.46,µm,Spot,Position,4,9430,
966.49,1734.23,4985.61,µm,Spot,Position,4,9447,
971.763,1753.08,4985.79,µm,Spot,Position,4,9448,
925.705,1709.09,4990.41,µm,Spot,Position,4,9450,
971.798,1720.4,4988.56,µm,Spot,Position,4,9451,
932.204,1757.91,4990.23,µm,Spot,Position,4,9454,
1041.19,1745.97,4994.74,µm,Spot,Position,4,9500,
983.111,1712.08,5031.07,µm,Spot,Position,4,9511,
1089.44,1708.12,4955.99,µm,Spot,Position,4,9522,
1091.23,1740.38,4980.45,µm,Spot,Position,4,9532,
1098.52,1751.65,4984.29,µm,Spot,Position,4,9534,
1051.56,1757.72,4984.37,µm,Spot,Position,4,9535,
1075.69,1746.33,4985.48,µm,Spot,Position,4,9536,
1051.71,1741.46,4999.88,µm,Spot,Position,4,9541,
1161.86,1728.6,4957.76,µm,Spot,Position,4,9569,
1157.38,1728.62,4963.86,µm,Spot,Position,4,9574,
1165.61,1742.66,4969.66,µm,Spot,Position,4,9575,
1183.68,1750.89,4949.99,µm,Spot,Position,4,9599,
1183.68,1755.3,4974.98,µm,Spot,Position,4,9601,
1173.23,1731.98,4992.69,µm,Spot,Position,4,9605,
1173.1,1708.27,4999.78,µm,Spot,Position,4,9606,
1172.85,1744.84,5031.52,µm,Spot,Position,4,9611,
845.088,1802.63,4930.85,µm,Spot,Position,4,9617,
811.787,1816.81,4947.45,µm,Spot,Position,4,9621,
800.735,1782.81,5007.11,µm,Spot,Position,4,9635,
806.825,1789.25,5010.98,µm,Spot,Position,4,9639,
826.891,1782.42,5018.21,µm,Spot,Position,4,9640,
853.93,1783.57,5018.04,µm,Spot,Position,4,9641,
837.018,1787.98,5018.25,µm,Spot,Position,4,9642,
820.578,1787.04,5021.97,µm,Spot,Position,4,9643,
831.818,1806.53,5040.63,µm,Spot,Position,4,9652,
902.004,1823.9,4986.1,µm,Spot,Position,4,9671,
919.11,1771.78,4990.09,µm,Spot,Position,4,9672,
910.687,1780.45,4996.8,µm,Spot,Position,4,9674,
896.585,1789.22,5000.92,µm,Spot,Position,4,9676,
896.763,1824.17,5005.38,µm,Spot,Position,4,9681,
892.64,1817.58,5007.75,µm,Spot,Position,4,9683,
866.735,1764.76,5008.43,µm,Spot,Position,4,9684,
859.882,1798.16,5018.39,µm,Spot,Position,4,9688,
960.15,1771.92,4989.5,µm,Spot,Position,4,9711,
976.555,1794.31,4989.25,µm,Spot,Position,4,9713,
966.871,1788.93,4991.71,µm,Spot,Position,4,9718,
949.638,1813.2,4991.27,µm,Spot,Position,4,9719,
926.929,1805.11,4995.87,µm,Spot,Position,4,9720,
945.704,1806.96,5039.36,µm,Spot,Position,4,9738,
982.551,1806.39,5051.6,µm,Spot,Position,4,9743,
984.777,1767.92,4990.54,µm,Spot,Position,4,9764,
1071.91,1768.57,4978.48,µm,Spot,Position,4,9801,
1088.89,1822.05,4989.04,µm,Spot,Position,4,9808,
1160.51,1821.52,4948.86,µm,Spot,Position,4,9832,
1147.86,1823.55,4967.06,µm,Spot,Position,4,9845,
1122.06,1782.52,4974.63,µm,Spot,Position,4,9847,
855.404,1838.13,5018.45,µm,Spot,Position,4,9897,
830.865,1849.34,5025.85,µm,Spot,Position,4,9901,
844.535,1864.67,5029.28,µm,Spot,Position,4,9902,
814.223,1861.44,5037.54,µm,Spot,Position,4,9906,
814.867,1877.85,5045.67,µm,Spot,Position,4,9909,
811.271,1885.23,5047.47,µm,Spot,Position,4,9910,
896.786,1860.14,5006.68,µm,Spot,Position,4,9929,
912.502,1882.92,5009.39,µm,Spot,Position,4,9930,
867.355,1857.49,5011.93,µm,Spot,Position,4,9931,
870.816,1848.53,5013.89,µm,Spot,Position,4,9932,
894.735,1853.33,5024.76,µm,Spot,Position,4,9938,
902.462,1864.89,5039.23,µm,Spot,Position,4,9941,
962.594,1835.61,4988.36,µm,Spot,Position,4,9954,
974.756,1857.44,4994.05,µm,Spot,Position,4,9957,
965.933,1882.72,5002.53,µm,Spot,Position,4,9963,
968.83,1871.46,5017.08,µm,Spot,Position,4,9970,
941.161,1828.44,5042.62,µm,Spot,Position,4,9979,
1039.25,1866.67,4975.76,µm,Spot,Position,4,9990,
1001.63,1838.03,4986.21,µm,Spot,Position,4,9998,
1042.71,1825.8,5035.52,µm,Spot,Position,4,10012,
1076.55,1877.13,4975.82,µm,Spot,Position,4,10032,
1070.75,1832.57,5015.41,µm,Spot,Position,4,10050,
1156.23,1860.5,4968.88,µm,Spot,Position,4,10075,
1150.41,1863.03,4991.76,µm,Spot,Position,4,10083,
1178.02,1877.4,4964.04,µm,Spot,Position,4,10103,
1173.22,1869.47,4972.06,µm,Spot,Position,4,10104,
832.754,1894.39,5023.13,µm,Spot,Position,4,10125,
826.347,1902.82,5039.87,µm,Spot,Position,4,10132,
831.652,1924.46,5051.2,µm,Spot,Position,4,10137,
865.618,1930.96,5003.57,µm,Spot,Position,4,10153,
919.901,1945.19,5005.93,µm,Spot,Position,4,10154,
886.252,1910.42,5007.85,µm,Spot,Position,4,10155,
899.817,1926.62,5010.26,µm,Spot,Position,4,10158,
869.167,1928.83,5024.83,µm,Spot,Position,4,10163,
903.659,1907.95,5033.63,µm,Spot,Position,4,10164,
959.817,1934.18,4975.4,µm,Spot,Position,4,10174,
951.085,1903.95,4994.42,µm,Spot,Position,4,10178,
970.186,1937.58,4996.88,µm,Spot,Position,4,10180,
920.088,1904.2,5007.94,µm,Spot,Position,4,10187,
1009.81,1919.02,4968.74,µm,Spot,Position,4,10200,
1013.12,1894.59,4983.16,µm,Spot,Position,4,10205,
984.29,1935.16,4992.99,µm,Spot,Position,4,10213,
983.322,1889.51,5029.31,µm,Spot,Position,4,10224,
1097.66,1926.22,4972.43,µm,Spot,Position,4,10237,
1059.29,1931.7,4978.4,µm,Spot,Position,4,10242,
1049.9,1921.9,4979.03,µm,Spot,Position,4,10243,
1054.36,1932.12,5008.5,µm,Spot,Position,4,10247,
1165.21,1885.88,4967.63,µm,Spot,Position,4,10265,
1162.38,1906.72,4969.3,µm,Spot,Position,4,10270,
1142.1,1939.98,4972.24,µm,Spot,Position,4,10272,
851.237,1969.31,4943.28,µm,Spot,Position,4,10290,
892.527,1968.64,5010.28,µm,Spot,Position,4,10308,
908.29,1948.11,5016.37,µm,Spot,Position,4,10310,
904.274,1987,5022.01,µm,Spot,Position,4,10312,
868.469,1973.03,5052.52,µm,Spot,Position,4,10320,
923.675,1981.43,5008.17,µm,Spot,Position,4,10333,
950.942,1951.78,5020.5,µm,Spot,Position,4,10336,
952.027,1946.53,5029.6,µm,Spot,Position,4,10338,
1004.13,1948.1,4988.59,µm,Spot,Position,4,10349,
1056.94,1985.17,4982.5,µm,Spot,Position,4,10371,
1046.94,1961.19,4984.59,µm,Spot,Position,4,10372,
1149.54,1955.25,4967.98,µm,Spot,Position,4,10389,
1122.54,1967.71,4974.6,µm,Spot,Position,4,10391,
1134.45,1969.6,4975.43,µm,Spot,Position,4,10392,
801.561,1619.06,5077.12,µm,Spot,Position,4,10409,
1183.68,1639.33,5170.04,µm,Spot,Position,4,10740,
1183.68,1626.19,5173.79,µm,Spot,Position,4,10741,
809.211,1683.13,5070.88,µm,Spot,Position,4,10752,
855.79,1681.87,5135.85,µm,Spot,Position,4,10784,
888.101,1777.62,5140.46,µm,Spot,Position,4,11259,
941.428,1801.15,5079.89,µm,Spot,Position,4,11276,
929.341,1804.87,5081.72,µm,Spot,Position,4,11278,
933.005,1822.72,5139.97,µm,Spot,Position,4,11292,
798.565,1873.2,5058.2,µm,Spot,Position,4,11347,
887.608,1837.27,5060.47,µm,Spot,Position,4,11372,
955.165,1837.06,5066.47,µm,Spot,Position,4,11407,
944.087,1883.64,5068.38,µm,Spot,Position,4,11409,
927.512,1835.83,5138.03,µm,Spot,Position,4,11432,
1045.42,1828.45,5138.8,µm,Spot,Position,4,11453,
817.668,1935.29,5077.44,µm,Spot,Position,4,11495,
816.586,1929.17,5091.37,µm,Spot,Position,4,11501,
919.1,1937.89,5057.44,µm,Spot,Position,4,11513,
912.211,1934.13,5061.18,µm,Spot,Position,4,11515,
888.577,1895.98,5103.6,µm,Spot,Position,4,11526,
913.192,1949.61,5150.49,µm,Spot,Position,4,11633,
833.575,1635.91,4990.43,µm,Spot,Position,5,11678,
815.826,1607.04,4994.27,µm,Spot,Position,5,11680,
801.515,1583.55,4995.54,µm,Spot,Position,5,11681,
850.465,1599.7,5004.59,µm,Spot,Position,5,11688,
800.586,1641.82,5019.24,µm,Spot,Position,5,11695,
872.274,1583.55,4995.43,µm,Spot,Position,5,11736,
881.298,1624.38,4996.07,µm,Spot,Position,5,11737,
873.709,1638.05,4997.78,µm,Spot,Position,5,11740,
917.121,1640.17,5002.61,µm,Spot,Position,5,11743,
961.151,1606.25,4992.37,µm,Spot,Position,5,11774,
921.531,1626.18,4995.75,µm,Spot,Position,5,11776,
954.311,1636.4,5000.01,µm,Spot,Position,5,11778,
937.39,1615.3,5002.49,µm,Spot,Position,5,11782,
1042.87,1599.72,4978.36,µm,Spot,Position,5,11822,
1002.27,1593.06,4991.53,µm,Spot,Position,5,11827,
985.631,1610.2,5002.81,µm,Spot,Position,5,11833,
995.672,1589.94,5011.8,µm,Spot,Position,5,11837,
1087.64,1635.33,4937.54,µm,Spot,Position,5,11854,
1132.36,1610.46,4957.89,µm,Spot,Position,5,11914,
1155.47,1633.41,4970.21,µm,Spot,Position,5,11920,
1140.52,1628.56,4974.18,µm,Spot,Position,5,11923,
1121.16,1632.04,4984.12,µm,Spot,Position,5,11930,
839.217,1691.33,5015.65,µm,Spot,Position,5,11996,
807.471,1672.49,5035.91,µm,Spot,Position,5,12006,
846.25,1649.32,5039.97,µm,Spot,Position,5,12008,
803.142,1658.47,5048.47,µm,Spot,Position,5,12012,
817.698,1695.44,5054.7,µm,Spot,Position,5,12017,
919.606,1646.89,4992.23,µm,Spot,Position,5,12034,
858.04,1659.78,4995.08,µm,Spot,Position,5,12037,
893.365,1673.54,4997.11,µm,Spot,Position,5,12038,
899.106,1661.88,4999.27,µm,Spot,Position,5,12039,
889.663,1688.22,5002.15,µm,Spot,Position,5,12040,
916.723,1682.26,5009.12,µm,Spot,Position,5,12041,
867.092,1693.5,5023.42,µm,Spot,Position,5,12049,
969.405,1660.93,4985.48,µm,Spot,Position,5,12073,
953.005,1650.52,4989.26,µm,Spot,Position,5,12075,
969.455,1691.93,4990.1,µm,Spot,Position,5,12076,
960.192,1697.99,4988.68,µm,Spot,Position,5,12077,
958.982,1671.19,4990.66,µm,Spot,Position,5,12078,
971.433,1680.01,4991.23,µm,Spot,Position,5,12079,
939.531,1684.61,4992.65,µm,Spot,Position,5,12080,
928.688,1661.02,4994.65,µm,Spot,Position,5,12082,
1014.35,1670.49,4968.22,µm,Spot,Position,5,12117,
1009.49,1698.18,4985.03,µm,Spot,Position,5,12121,
1033.49,1685.69,5001.37,µm,Spot,Position,5,12129,
1011.11,1664.96,5051.57,µm,Spot,Position,5,12146,
1046.7,1643.93,4985.91,µm,Spot,Position,5,12170,
1108.11,1682.52,4985.3,µm,Spot,Position,5,12171,
1172.18,1655.64,4955.7,µm,Spot,Position,5,12194,
1161.55,1662.83,4958.1,µm,Spot,Position,5,12196,
1135.65,1702.47,4964.88,µm,Spot,Position,5,12198,
1149.11,1665.65,4970.26,µm,Spot,Position,5,12200,
1146.4,1675.48,4971.56,µm,Spot,Position,5,12202,
1123.17,1686.37,4972.39,µm,Spot,Position,5,12203,
1141.17,1655.93,4974.62,µm,Spot,Position,5,12205,
1130.46,1677.63,4984.92,µm,Spot,Position,5,12208,
1155.66,1677.79,5000.07,µm,Spot,Position,5,12214,
1175.54,1671.26,5003.83,µm,Spot,Position,5,12237,
1183.68,1677.47,5037.64,µm,Spot,Position,5,12240,
829.699,1712.03,5007.61,µm,Spot,Position,5,12266,
802.469,1745.13,5017.11,µm,Spot,Position,5,12271,
817.378,1730.68,5018.58,µm,Spot,Position,5,12272,
807.748,1736.5,5038.84,µm,Spot,Position,5,12277,
901.702,1754.36,4930.85,µm,Spot,Position,5,12283,
896.048,1735.31,4995.92,µm,Spot,Position,5,12294,
883.548,1729.06,4997.26,µm,Spot,Position,5,12298,
878.937,1738.94,4999.9,µm,Spot,Position,5,12299,
969.154,1732.8,4986.41,µm,Spot,Position,5,12333,
972.174,1748.01,4988.77,µm,Spot,Position,5,12335,
925.794,1708.18,4992.44,µm,Spot,Position,5,12336,
972.953,1720.4,4990.74,µm,Spot,Position,5,12337,
930.799,1758.36,4991.09,µm,Spot,Position,5,12339,
998.723,1747.63,4977.21,µm,Spot,Position,5,12382,
1044.09,1744.27,4996.95,µm,Spot,Position,5,12390,
1089.29,1708.52,4956.66,µm,Spot,Position,5,12412,
1091.76,1740.52,4982.63,µm,Spot,Position,5,12420,
1076.9,1746.5,4986.37,µm,Spot,Position,5,12422,
1100.49,1751.61,4984.72,µm,Spot,Position,5,12423,
1052.66,1757.48,4985.89,µm,Spot,Position,5,12424,
1049.55,1743.91,5011.46,µm,Spot,Position,5,12440,
1143.91,1707.93,4950.36,µm,Spot,Position,5,12460,
1165.84,1728.75,4958.34,µm,Spot,Position,5,12463,
1159.35,1728.37,4966.66,µm,Spot,Position,5,12468,
1163.9,1735.8,4970.78,µm,Spot,Position,5,12469,
1170.69,1705.93,5002.05,µm,Spot,Position,5,12474,
1183.68,1754.76,4978.26,µm,Spot,Position,5,12495,
1174.67,1730.16,4995.2,µm,Spot,Position,5,12498,
1183.68,1725.85,5017.2,µm,Spot,Position,5,12502,
1174.57,1742.76,5032.17,µm,Spot,Position,5,12505,
848.25,1801.73,4932.19,µm,Spot,Position,5,12511,
805.356,1790.23,5006.21,µm,Spot,Position,5,12526,
828.458,1792.67,5018.97,µm,Spot,Position,5,12531,
825.366,1786.02,5020.39,µm,Spot,Position,5,12532,
838.54,1792.11,5021.15,µm,Spot,Position,5,12533,
819.035,1795.86,5025.53,µm,Spot,Position,5,12534,
800.427,1814.12,5033.48,µm,Spot,Position,5,12535,
804.496,1807.16,5036.45,µm,Spot,Position,5,12537,
900.683,1821.45,4988.23,µm,Spot,Position,5,12554,
910.568,1780.69,4997.75,µm,Spot,Position,5,12556,
892.523,1819.26,5008.77,µm,Spot,Position,5,12562,
867.545,1765.27,5010.49,µm,Spot,Position,5,12563,
878.895,1775.53,5015.26,µm,Spot,Position,5,12566,
960.26,1773.37,4990.8,µm,Spot,Position,5,12594,
966.987,1788.59,4993.23,µm,Spot,Position,5,12597,
950.092,1813.34,4992.81,µm,Spot,Position,5,12600,
926.676,1805.66,4996.18,µm,Spot,Position,5,12601,
945.244,1788.16,5029.56,µm,Spot,Position,5,12609,
984.35,1767.31,4991.72,µm,Spot,Position,5,12635,
983.326,1804.71,5051.51,µm,Spot,Position,5,12661,
1073.32,1767.79,4980.24,µm,Spot,Position,5,12678,
1091.39,1821.37,4990.59,µm,Spot,Position,5,12685,
1046.5,1824.28,5036.37,µm,Spot,Position,5,12704,
1162.36,1819.36,4949.1,µm,Spot,Position,5,12710,
1151.61,1823.86,4968.39,µm,Spot,Position,5,12723,
855.441,1838.57,5019.76,µm,Spot,Position,5,12777,
829.477,1850.39,5026.63,µm,Spot,Position,5,12781,
843.044,1865.74,5032.8,µm,Spot,Position,5,12782,
847.245,1851.79,5036.97,µm,Spot,Position,5,12783,
812.633,1861.04,5039.17,µm,Spot,Position,5,12785,
812.938,1877.83,5046.78,µm,Spot,Position,5,12788,
809.063,1885.16,5049.26,µm,Spot,Position,5,12789,
895.536,1860.49,5006.86,µm,Spot,Position,5,12807,
868.155,1858.29,5012.01,µm,Spot,Position,5,12810,
912.041,1883.01,5011.03,µm,Spot,Position,5,12811,
870.92,1849.36,5015.28,µm,Spot,Position,5,12813,
902.405,1864.12,5040.78,µm,Spot,Position,5,12819,
963.699,1836.06,4989.94,µm,Spot,Position,5,12830,
975.165,1857.54,4994.87,µm,Spot,Position,5,12832,
966.47,1882.67,5001.74,µm,Spot,Position,5,12837,
968.822,1871.29,5017.66,µm,Spot,Position,5,12844,
1040.88,1869.41,4975.13,µm,Spot,Position,5,12865,
1008.96,1840.44,4986.25,µm,Spot,Position,5,12870,
1005.66,1864.53,5018.68,µm,Spot,Position,5,12879,
1077.72,1876.1,4976.98,µm,Spot,Position,5,12901,
1072.19,1832.24,5016.46,µm,Spot,Position,5,12914,
1169.67,1883.26,4967.95,µm,Spot,Position,5,12939,
1161.43,1858.3,4969.87,µm,Spot,Position,5,12941,
1152.69,1862.69,4992.1,µm,Spot,Position,5,12949,
1139.28,1858.56,5028.99,µm,Spot,Position,5,12961,
1178.04,1880.18,4964.09,µm,Spot,Position,5,12970,
1174.94,1869.27,4974.06,µm,Spot,Position,5,12971,
827.666,1903.1,5039.41,µm,Spot,Position,5,12998,
830.3,1924.63,5051.9,µm,Spot,Position,5,13003,
866.16,1930.83,5003.24,µm,Spot,Position,5,13021,
862.59,1912.92,5016.68,µm,Spot,Position,5,13028,
867.526,1929.57,5026.05,µm,Spot,Position,5,13034,
968.516,1938.15,4996.92,µm,Spot,Position,5,13052,
920.994,1939.19,5006.83,µm,Spot,Position,5,13057,
951.666,1945.76,5030.61,µm,Spot,Position,5,13061,
1011.66,1917.73,4968.9,µm,Spot,Position,5,13074,
998.588,1942.77,4990.26,µm,Spot,Position,5,13083,
983.61,1935.09,4993.02,µm,Spot,Position,5,13085,
983.289,1888.8,5029.71,µm,Spot,Position,5,13092,
1098.1,1926.34,4973.51,µm,Spot,Position,5,13106,
1059.9,1931.24,4980.12,µm,Spot,Position,5,13112,
1050.67,1922.35,4981.31,µm,Spot,Position,5,13113,
1055.81,1931.37,5008.66,µm,Spot,Position,5,13121,
1147.79,1931.98,4968.53,µm,Spot,Position,5,13136,
1164.85,1907.13,4969.85,µm,Spot,Position,5,13138,
1144,1940.4,4974.13,µm,Spot,Position,5,13140,
907.247,1949.87,5016.3,µm,Spot,Position,5,13173,
950.261,1951.94,5020.53,µm,Spot,Position,5,13183,
1151.3,1956.64,4968.31,µm,Spot,Position,5,13207,
1125.6,1966.36,4972.34,µm,Spot,Position,5,13209,
1165.69,1591.58,5096.08,µm,Spot,Position,5,13468,
1183.68,1622.64,5173.23,µm,Spot,Position,5,13517,
809.21,1680.43,5072.36,µm,Spot,Position,5,13524,
1014.38,1699.28,5079.12,µm,Spot,Position,5,13684,
890.53,1774.55,5137.99,µm,Spot,Position,5,14019,
941.964,1801.6,5085.04,µm,Spot,Position,5,14038,
928.249,1804.63,5085.12,µm,Spot,Position,5,14039,
933.315,1822.25,5137.14,µm,Spot,Position,5,14053,
798.029,1872.9,5060.49,µm,Spot,Position,5,14114,
887.725,1836.73,5061.31,µm,Spot,Position,5,14142,
954.748,1835.06,5066,µm,Spot,Position,5,14178,
942.796,1883.64,5066.29,µm,Spot,Position,5,14179,
928.845,1833.58,5139.95,µm,Spot,Position,5,14200,
817.652,1935.76,5078.94,µm,Spot,Position,5,14260,
815.585,1928.75,5092.6,µm,Spot,Position,5,14265,
911.376,1934.5,5060.61,µm,Spot,Position,5,14277,
913.006,1948.77,5149.54,µm,Spot,Position,5,14381,
799.522,1583.55,4989.28,µm,Spot,Position,6,14414,
816.635,1604.91,4996.2,µm,Spot,Position,6,14419,
851.752,1597.83,5002.65,µm,Spot,Position,6,14426,
800.503,1641.99,5018.88,µm,Spot,Position,6,14437,
882.446,1624.12,4997.22,µm,Spot,Position,6,14478,
919.579,1626.33,4997.78,µm,Spot,Position,6,14479,
874.696,1636.64,4997.02,µm,Spot,Position,6,14480,
964.452,1602.91,4992.79,µm,Spot,Position,6,14527,
955.555,1634.61,4998.72,µm,Spot,Position,6,14531,
938.979,1613.14,5001,µm,Spot,Position,6,14533,
1040.99,1599.32,4978.83,µm,Spot,Position,6,14569,
1003.33,1591.02,4990.49,µm,Spot,Position,6,14575,
996.683,1583.55,5009.86,µm,Spot,Position,6,14585,
1048.77,1642.92,4986.04,µm,Spot,Position,6,14629,
1093.67,1632.18,4995.13,µm,Spot,Position,6,14638,
1128.96,1583.55,4950.47,µm,Spot,Position,6,14665,
1132.16,1607.42,4958.06,µm,Spot,Position,6,14668,
1155.58,1630.82,4969.8,µm,Spot,Position,6,14674,
1141.04,1629.16,4973.93,µm,Spot,Position,6,14678,
1121.21,1631.19,4983.27,µm,Spot,Position,6,14685,
840.542,1690.57,5013.31,µm,Spot,Position,6,14747,
808.35,1671.53,5034.63,µm,Spot,Position,6,14755,
847.143,1648.49,5038.19,µm,Spot,Position,6,14757,
803.687,1659.17,5047.08,µm,Spot,Position,6,14762,
818.924,1695.08,5051.81,µm,Spot,Position,6,14766,
893.722,1671.96,4996.81,µm,Spot,Position,6,14786,
900.011,1660.08,4999.65,µm,Spot,Position,6,14787,
890.949,1685.31,5000.5,µm,Spot,Position,6,14789,
868.084,1692.22,5020.84,µm,Spot,Position,6,14797,
960.836,1699.96,4976.11,µm,Spot,Position,6,14819,
970.929,1659.22,4985.29,µm,Spot,Position,6,14821,
954.752,1648.42,4989.2,µm,Spot,Position,6,14823,
921.034,1643.66,4991.4,µm,Spot,Position,6,14824,
933.185,1673.05,4991.29,µm,Spot,Position,6,14825,
972.735,1678.83,4990.91,µm,Spot,Position,6,14826,
964,1695.6,4990.65,µm,Spot,Position,6,14827,
941.026,1683.27,4992.82,µm,Spot,Position,6,14828,
929.762,1659.28,4995.22,µm,Spot,Position,6,14830,
1010.62,1696.9,4984.22,µm,Spot,Position,6,14875,
1008.69,1674.3,4988.81,µm,Spot,Position,6,14876,
1034.79,1684.41,5000.62,µm,Spot,Position,6,14881,
1012.3,1664.43,5048.8,µm,Spot,Position,6,14904,
1107.47,1681.27,4986.1,µm,Spot,Position,6,14924,
1159,1660.04,4958.81,µm,Spot,Position,6,14952,
1135.52,1701.08,4966.78,µm,Spot,Position,6,14956,
1158.92,1683.99,4967.91,µm,Spot,Position,6,14959,
1149.73,1656.19,4969.1,µm,Spot,Position,6,14960,
1143.88,1674.34,4972.23,µm,Spot,Position,6,14961,
1141.5,1653.2,4974.7,µm,Spot,Position,6,14963,
1119.22,1685.91,4977.79,µm,Spot,Position,6,14964,
1130.47,1675.72,4984.62,µm,Spot,Position,6,14968,
1138.02,1677.04,4988.07,µm,Spot,Position,6,14970,
1172.06,1670.39,5001.84,µm,Spot,Position,6,14976,
1158.34,1677.52,5002.39,µm,Spot,Position,6,14978,
1173.04,1653.59,4956.11,µm,Spot,Position,6,14995,
1183.68,1676.48,5036.12,µm,Spot,Position,6,15008,
833.252,1709.66,5007.39,µm,Spot,Position,6,15032,
820.212,1730.19,5017.28,µm,Spot,Position,6,15037,
808.523,1741.91,5016.15,µm,Spot,Position,6,15038,
808.918,1736.7,5036.44,µm,Spot,Position,6,15045,
896.827,1733.94,4995.88,µm,Spot,Position,6,15060,
885.981,1727.98,4996.38,µm,Spot,Position,6,15064,
880.793,1737.2,4999.56,µm,Spot,Position,6,15067,
868.692,1763.97,5009.04,µm,Spot,Position,6,15071,
880.656,1704.28,5046.41,µm,Spot,Position,6,15087,
973.406,1747.68,4988.32,µm,Spot,Position,6,15102,
933.245,1756.69,4990.28,µm,Spot,Position,6,15105,
973.209,1720.3,4990.55,µm,Spot,Position,6,15107,
925.783,1706.91,4993.04,µm,Spot,Position,6,15108,
1044.27,1743.81,4996.74,µm,Spot,Position,6,15152,
1093.16,1706.11,4958.43,µm,Spot,Position,6,15176,
1093.22,1739.7,4983.93,µm,Spot,Position,6,15184,
1102.11,1750.04,4984.47,µm,Spot,Position,6,15185,
1077.23,1743.93,4985.61,µm,Spot,Position,6,15187,
1052.76,1756.64,4986.88,µm,Spot,Position,6,15188,
1051.03,1742.25,5005.73,µm,Spot,Position,6,15198,
1158.57,1727.18,4968.02,µm,Spot,Position,6,15223,
1171.61,1705.25,5002.59,µm,Spot,Position,6,15233,
1183.68,1754.41,4975.18,µm,Spot,Position,6,15254,
1175.09,1730.53,4994.51,µm,Spot,Position,6,15257,
1183.68,1725.21,5015.43,µm,Spot,Position,6,15260,
1175.12,1742.26,5030.75,µm,Spot,Position,6,15263,
805.832,1787.24,5005.52,µm,Spot,Position,6,15288,
829.3,1790.16,5017.22,µm,Spot,Position,6,15294,
839.648,1794.65,5019.97,µm,Spot,Position,6,15295,
818.182,1795.3,5024.55,µm,Spot,Position,6,15297,
828.977,1810.87,5036.88,µm,Spot,Position,6,15302,
901.394,1817.91,4987.91,µm,Spot,Position,6,15316,
911.233,1779.68,4997.35,µm,Spot,Position,6,15318,
893.416,1819.12,5007.2,µm,Spot,Position,6,15322,
881.222,1778.68,5011.48,µm,Spot,Position,6,15324,
961.615,1773.03,4991.24,µm,Spot,Position,6,15356,
967.766,1787.97,4993.44,µm,Spot,Position,6,15358,
950.397,1812.24,4992.61,µm,Spot,Position,6,15359,
927.088,1804.77,4996.86,µm,Spot,Position,6,15361,
945.574,1785.29,5027.75,µm,Spot,Position,6,15369,
986.505,1764.93,4990.75,µm,Spot,Position,6,15397,
983.81,1804.71,5049.15,µm,Spot,Position,6,15419,
1074.06,1766.45,4980.36,µm,Spot,Position,6,15438,
1091.78,1821.37,4991.57,µm,Spot,Position,6,15446,
1162.5,1818.12,4951.08,µm,Spot,Position,6,15478,
1153.45,1823.28,4968.84,µm,Spot,Position,6,15488,
855.218,1839.24,5020.36,µm,Spot,Position,6,15545,
847.083,1859.14,5022.15,µm,Spot,Position,6,15546,
830.488,1850.15,5025.5,µm,Spot,Position,6,15547,
844.023,1866.4,5029.9,µm,Spot,Position,6,15550,
816.029,1879.13,5032.26,µm,Spot,Position,6,15551,
813.915,1862.02,5037.74,µm,Spot,Position,6,15556,
814.638,1878.45,5046.09,µm,Spot,Position,6,15558,
798.639,1840.29,5054.81,µm,Spot,Position,6,15560,
897.415,1832.07,5004.06,µm,Spot,Position,6,15575,
913.35,1882.77,5009.67,µm,Spot,Position,6,15580,
868.997,1857.9,5011.22,µm,Spot,Position,6,15581,
871.532,1849.36,5012.94,µm,Spot,Position,6,15582,
903.065,1864.62,5040.09,µm,Spot,Position,6,15591,
964.282,1836.3,4991.03,µm,Spot,Position,6,15604,
974.002,1858.71,4996.01,µm,Spot,Position,6,15606,
966.023,1882.42,5000.98,µm,Spot,Position,6,15611,
969.34,1871.45,5016.41,µm,Spot,Position,6,15619,
1010.22,1841.01,4986.57,µm,Spot,Position,6,15644,
1006.88,1864.6,5017.67,µm,Spot,Position,6,15656,
1079.61,1875.67,4976.53,µm,Spot,Position,6,15676,
1170.8,1882.55,4969.27,µm,Spot,Position,6,15712,
1179.61,1878.7,4965.37,µm,Spot,Position,6,15739,
829.344,1904.2,5038.68,µm,Spot,Position,6,15759,
810.911,1887.44,5047.46,µm,Spot,Position,6,15763,
830.548,1925.46,5052.03,µm,Spot,Position,6,15765,
985.124,1889.17,5029.04,µm,Spot,Position,6,15837,
1056.67,1931.94,5007.91,µm,Spot,Position,6,15858,
1166.3,1907.8,4970.34,µm,Spot,Position,6,15870,
809.336,1680.74,5070.59,µm,Spot,Position,6,16201,
1016.4,1699.37,5078.06,µm,Spot,Position,6,16360,
892.37,1774.63,5134,µm,Spot,Position,6,16698,
940.468,1803.32,5082.73,µm,Spot,Position,6,16717,
931.927,1824.38,5126.35,µm,Spot,Position,6,16728,
797.548,1874.64,5062.25,µm,Spot,Position,6,16773,
888.411,1837.98,5059.04,µm,Spot,Position,6,16802,
944.242,1884.29,5065.11,µm,Spot,Position,6,16836,
931.153,1834.9,5137.76,µm,Spot,Position,6,16856,
833.524,1631.88,4991.16,µm,Spot,Position,7,16985,
798.934,1640.98,5019.27,µm,Spot,Position,7,17005,
881.385,1622.35,4996.06,µm,Spot,Position,7,17051,
875.323,1634.89,4997.12,µm,Spot,Position,7,17052,
921.619,1638.73,4991.56,µm,Spot,Position,7,17094,
921.636,1623.04,4993.93,µm,Spot,Position,7,17095,
964.95,1599.78,4995.32,µm,Spot,Position,7,17096,
938.488,1611.24,5002.17,µm,Spot,Position,7,17097,
1040.74,1629.73,4985.74,µm,Spot,Position,7,17138,
987.382,1606.05,4998.28,µm,Spot,Position,7,17144,
1044.1,1625.4,5006.49,µm,Spot,Position,7,17150,
1046.41,1596.9,4980.09,µm,Spot,Position,7,17190,
1092.7,1632.35,4995.23,µm,Spot,Position,7,17202,
1133.28,1583.55,4952.64,µm,Spot,Position,7,17230,
1142.06,1626.34,4977.69,µm,Spot,Position,7,17244,
1119.62,1632.39,4985.58,µm,Spot,Position,7,17247,
839.888,1688.11,5011.15,µm,Spot,Position,7,17315,
808.103,1669.93,5034.47,µm,Spot,Position,7,17324,
846.694,1646.03,5038.75,µm,Spot,Position,7,17327,
803.102,1656.38,5046.79,µm,Spot,Position,7,17331,
817.535,1692.26,5053.12,µm,Spot,Position,7,17333,
860.102,1657.24,4995.83,µm,Spot,Position,7,17348,
893.361,1667.81,4995.33,µm,Spot,Position,7,17349,
900.191,1658.83,4997.82,µm,Spot,Position,7,17353,
891.097,1683.52,4999.94,µm,Spot,Position,7,17354,
867.45,1690.1,5020.27,µm,Spot,Position,7,17360,
971.064,1656.29,4987.52,µm,Spot,Position,7,17375,
954.588,1647.1,4989.87,µm,Spot,Position,7,17377,
962.453,1695.68,4989.78,µm,Spot,Position,7,17379,
972.378,1677.8,4993.96,µm,Spot,Position,7,17382,
940.954,1681.9,4993.72,µm,Spot,Position,7,17383,
930.019,1657.07,4996.01,µm,Spot,Position,7,17384,
1011.03,1696.96,4985.33,µm,Spot,Position,7,17436,
1034.55,1683.78,5001.22,µm,Spot,Position,7,17443,
1011.05,1664.21,5047.44,µm,Spot,Position,7,17462,
1153.21,1656.41,4964.43,µm,Spot,Position,7,17514,
1151.37,1656.02,4972.43,µm,Spot,Position,7,17519,
1151.31,1676.66,4972.21,µm,Spot,Position,7,17520,
1141.82,1651.6,4976.87,µm,Spot,Position,7,17524,
1121.55,1688.31,4980.29,µm,Spot,Position,7,17527,
1131.78,1674,4985.17,µm,Spot,Position,7,17530,
1139.42,1675.51,4992.73,µm,Spot,Position,7,17534,
1170.67,1669.15,5005.78,µm,Spot,Position,7,17538,
1156.7,1674.23,5004.53,µm,Spot,Position,7,17539,
1174.71,1650.76,4959.18,µm,Spot,Position,7,17561,
833.972,1707.55,5006.97,µm,Spot,Position,7,17604,
807.593,1739.57,5015.17,µm,Spot,Position,7,17606,
818.364,1733,5022.06,µm,Spot,Position,7,17608,
807.651,1733.92,5037.2,µm,Spot,Position,7,17613,
910.94,1749.85,4930.85,µm,Spot,Position,7,17622,
896.456,1731.86,4996.61,µm,Spot,Position,7,17632,
882.352,1734.08,4996.98,µm,Spot,Position,7,17633,
867.738,1762.13,5010.29,µm,Spot,Position,7,17639,
969.561,1712.65,4987.6,µm,Spot,Position,7,17668,
974.265,1746.62,4988.67,µm,Spot,Position,7,17670,
932.657,1756,4992.22,µm,Spot,Position,7,17673,
927.938,1705.62,4992.51,µm,Spot,Position,7,17675,
1044.88,1743.16,4999.42,µm,Spot,Position,7,17731,
1097.05,1739.92,4984.83,µm,Spot,Position,7,17762,
1104.43,1748.91,4986.35,µm,Spot,Position,7,17763,
1077.68,1743.78,4987.73,µm,Spot,Position,7,17764,
1053.23,1756.11,4987.08,µm,Spot,Position,7,17765,
1050.31,1742.13,5008.14,µm,Spot,Position,7,17774,
1164.11,1735.37,4975.72,µm,Spot,Position,7,17809,
1183.68,1759.83,4974.08,µm,Spot,Position,7,17836,
1175.62,1729.41,4996.1,µm,Spot,Position,7,17839,
1174.61,1740.61,5031.89,µm,Spot,Position,7,17846,
820.004,1808.68,4946.89,µm,Spot,Position,7,17854,
804.604,1784.91,5007.51,µm,Spot,Position,7,17869,
841.37,1781.14,5018.36,µm,Spot,Position,7,17875,
826.014,1782.47,5021.52,µm,Spot,Position,7,17876,
839.401,1792.34,5021.22,µm,Spot,Position,7,17877,
814.454,1794.17,5024.34,µm,Spot,Position,7,17878,
824.868,1810.4,5037.81,µm,Spot,Position,7,17887,
911.567,1778.94,4997.84,µm,Spot,Position,7,17908,
893.422,1817.61,5006.73,µm,Spot,Position,7,17913,
880.449,1778.45,5010.9,µm,Spot,Position,7,17915,
859.716,1799.89,5012.94,µm,Spot,Position,7,17918,
922.717,1769.65,4991.2,µm,Spot,Position,7,17944,
961.72,1771.7,4992.21,µm,Spot,Position,7,17945,
968.178,1786.74,4994.56,µm,Spot,Position,7,17948,
950.421,1811.69,4994.63,µm,Spot,Position,7,17949,
927.526,1804.1,4998.27,µm,Spot,Position,7,17950,
945.239,1784,5028.3,µm,Spot,Position,7,17960,
980.678,1807.28,5048.56,µm,Spot,Position,7,17966,
986.479,1764.54,4990.46,µm,Spot,Position,7,17988,
1045.87,1772.3,4989.83,µm,Spot,Position,7,17989,
1075.05,1765.76,4981.65,µm,Spot,Position,7,18032,
1047.87,1823.28,5035.27,µm,Spot,Position,7,18055,
1168.24,1816.14,4952.67,µm,Spot,Position,7,18062,
1113.48,1803.68,4963.22,µm,Spot,Position,7,18072,
1129.18,1818.19,4967.41,µm,Spot,Position,7,18073,
1157.76,1822.58,4969.71,µm,Spot,Position,7,18075,
856.278,1838.57,5018.19,µm,Spot,Position,7,18131,
840.857,1865.48,5021.23,µm,Spot,Position,7,18132,
830.221,1848.9,5025.32,µm,Spot,Position,7,18133,
843.126,1865.9,5028.62,µm,Spot,Position,7,18136,
846.863,1850.81,5035.99,µm,Spot,Position,7,18138,
813.384,1861.33,5036.85,µm,Spot,Position,7,18139,
812.233,1878.4,5046.06,µm,Spot,Position,7,18142,
859.535,1866.34,4944.81,µm,Spot,Position,7,18149,
898.11,1832.67,5005.18,µm,Spot,Position,7,18160,
897.227,1859.19,5007.4,µm,Spot,Position,7,18163,
913.047,1883.09,5010.94,µm,Spot,Position,7,18165,
868.205,1857.11,5012.63,µm,Spot,Position,7,18166,
871.819,1848.64,5014.39,µm,Spot,Position,7,18169,
896.032,1854.49,5025.53,µm,Spot,Position,7,18173,
903.567,1864.02,5040.19,µm,Spot,Position,7,18177,
974.24,1858.49,4997.3,µm,Spot,Position,7,18192,
966.209,1881.89,5002.49,µm,Spot,Position,7,18195,
970.096,1871.11,5016.7,µm,Spot,Position,7,18202,
1041.36,1869.84,4977.64,µm,Spot,Position,7,18223,
1011.1,1840.79,4987.42,µm,Spot,Position,7,18231,
1006.13,1862.89,5021.15,µm,Spot,Position,7,18241,
1078.01,1877.12,4977.84,µm,Spot,Position,7,18264,
1161.57,1837.86,4986.73,µm,Spot,Position,7,18303,
1183.68,1880.79,4968.64,µm,Spot,Position,7,18326,
1173.58,1883.72,4970.58,µm,Spot,Position,7,18327,
1183.68,1862.24,4974.57,µm,Spot,Position,7,18328,
828.779,1904.1,5038.16,µm,Spot,Position,7,18356,
810.12,1887.4,5047.47,µm,Spot,Position,7,18361,
831.081,1925.15,5049.32,µm,Spot,Position,7,18363,
820.445,1913.37,5053.17,µm,Spot,Position,7,18365,
867.928,1929.05,5003.88,µm,Spot,Position,7,18384,
864.447,1914.7,5016.5,µm,Spot,Position,7,18389,
868.372,1931.05,5023.9,µm,Spot,Position,7,18390,
970.035,1938.73,4997.27,µm,Spot,Position,7,18405,
1013.87,1913.34,4969.14,µm,Spot,Position,7,18423,
996.953,1939.9,4989.7,µm,Spot,Position,7,18433,
987.559,1936.68,4992.07,µm,Spot,Position,7,18435,
984.877,1890.52,5026.97,µm,Spot,Position,7,18447,
1100.78,1926.54,4974.49,µm,Spot,Position,7,18464,
1057.61,1933.08,5008.57,µm,Spot,Position,7,18479,
1171.33,1909.66,4972.41,µm,Spot,Position,7,18500,
1148.15,1939.39,4971.84,µm,Spot,Position,7,18501,
863.27,1964.96,4942.77,µm,Spot,Position,7,18539,
906.546,1953.4,5019.41,µm,Spot,Position,7,18550,
868.164,1975.21,5052.57,µm,Spot,Position,7,18555,
923.424,1982.7,5008.95,µm,Spot,Position,7,18571,
951.913,1951.89,5022.36,µm,Spot,Position,7,18574,
953.272,1947.54,5028.33,µm,Spot,Position,7,18575,
1058.75,1986.6,4982.36,µm,Spot,Position,7,18594,
1129.68,1968.04,4972.32,µm,Spot,Position,7,18608,
1140.32,1970,4975.01,µm,Spot,Position,7,18610,
883.194,1618.59,5090,µm,Spot,Position,7,18712,
1037.9,1605.72,5099.58,µm,Spot,Position,7,18808,
808.371,1677.01,5070.36,µm,Spot,Position,7,18940,
1014.41,1698.13,5077.12,µm,Spot,Position,7,19107,
892.497,1773.1,5134.33,µm,Spot,Position,7,19444,
941.278,1798.83,5079.31,µm,Spot,Position,7,19457,
931.268,1801.46,5082.41,µm,Spot,Position,7,19459,
794.215,1872.85,5059.47,µm,Spot,Position,7,19529,
887.736,1836.14,5059.65,µm,Spot,Position,7,19561,
955.71,1834.1,5064.5,µm,Spot,Position,7,19593,
944.872,1881.91,5066.47,µm,Spot,Position,7,19594,
928.053,1825.77,5122.65,µm,Spot,Position,7,19609,
930.953,1833.09,5136.18,µm,Spot,Position,7,19613,
816.878,1935.19,5078.06,µm,Spot,Position,7,19683,
815.97,1929.54,5091.6,µm,Spot,Position,7,19690,
913.536,1934.78,5060.49,µm,Spot,Position,7,19703,
917.517,1947.62,5147.68,µm,Spot,Position,7,19818,
812.548,1602.95,4996.59,µm,Spot,Position,8,19859,
917.353,1641.42,4990.42,µm,Spot,Position,8,19918,
917.486,1624.49,4992.08,µm,Spot,Position,8,19919,
871.09,1635.06,4996.42,µm,Spot,Position,8,19923,
961.865,1599.76,4993.18,µm,Spot,Position,8,19972,
935.941,1610.82,5002.4,µm,Spot,Position,8,19980,
1044.11,1595.08,4979.86,µm,Spot,Position,8,20009,
1036.81,1632.16,4985.79,µm,Spot,Position,8,20013,
984.438,1605.92,5001.85,µm,Spot,Position,8,20022,
1040.28,1626.66,5006.43,µm,Spot,Position,8,20024,
992.82,1583.55,5013.69,µm,Spot,Position,8,20025,
1131.72,1583.55,4951.18,µm,Spot,Position,8,20092,
1134.06,1604.76,4960.02,µm,Spot,Position,8,20095,
1120.86,1629.11,4983.79,µm,Spot,Position,8,20111,
836.524,1687.43,5014.26,µm,Spot,Position,8,20179,
805.677,1669.33,5033.25,µm,Spot,Position,8,20187,
844.893,1645.07,5038.4,µm,Spot,Position,8,20189,
801.234,1655.28,5045.27,µm,Spot,Position,8,20193,
818.106,1699.17,5045.78,µm,Spot,Position,8,20194,
816.063,1692.14,5051.85,µm,Spot,Position,8,20198,
898.305,1659.01,4995.67,µm,Spot,Position,8,20220,
915.235,1678.69,5007.73,µm,Spot,Position,8,20223,
864.841,1689.98,5021.12,µm,Spot,Position,8,20229,
967.876,1656.78,4986.25,µm,Spot,Position,8,20252,
952.102,1646.65,4989,µm,Spot,Position,8,20253,
961.136,1694.83,4989.32,µm,Spot,Position,8,20258,
970.251,1677.2,4991.98,µm,Spot,Position,8,20259,
938.518,1681.82,4993.01,µm,Spot,Position,8,20260,
926.798,1656.4,4995.07,µm,Spot,Position,8,20261,
1014.07,1665.65,4970.25,µm,Spot,Position,8,20305,
1009.26,1696.06,4985.45,µm,Spot,Position,8,20310,
1015.62,1647.62,4988.9,µm,Spot,Position,8,20311,
1033.75,1682.57,5001.38,µm,Spot,Position,8,20316,
1010.5,1662.59,5048.36,µm,Spot,Position,8,20332,
1154.37,1655.3,4962.39,µm,Spot,Position,8,20379,
1154.82,1678.43,4970.21,µm,Spot,Position,8,20383,
1147.27,1653.48,4973.16,µm,Spot,Position,8,20386,
1149,1661.8,4972.99,µm,Spot,Position,8,20387,
1122.1,1686.84,4974.06,µm,Spot,Position,8,20389,
1129.28,1673.45,4984.99,µm,Spot,Position,8,20395,
1138.24,1676.17,4988.92,µm,Spot,Position,8,20398,
1157.64,1674.43,5001.65,µm,Spot,Position,8,20405,
1150.35,1675.3,5002.65,µm,Spot,Position,8,20406,
1173.92,1650.78,4957.82,µm,Spot,Position,8,20421,
1183.68,1653.77,4969.9,µm,Spot,Position,8,20422,
1173.09,1667.92,5003.05,µm,Spot,Position,8,20429,
826.763,1710.08,5004.43,µm,Spot,Position,8,20461,
844.21,1764.33,5004.2,µm,Spot,Position,8,20463,
802.883,1742.44,5017.31,µm,Spot,Position,8,20467,
811.93,1737.06,5027.88,µm,Spot,Position,8,20473,
805.921,1733.73,5036.6,µm,Spot,Position,8,20478,
893.668,1732.44,4995.8,µm,Spot,Position,8,20491,
865.172,1762.12,5009.4,µm,Spot,Position,8,20500,
969.913,1713.46,4987.23,µm,Spot,Position,8,20531,
971.795,1747.24,4987.82,µm,Spot,Position,8,20532,
929.96,1755.97,4990.23,µm,Spot,Position,8,20534,
985.52,1764.25,4992.06,µm,Spot,Position,8,20578,
1043.09,1742.2,4997.06,µm,Spot,Position,8,20582,
1093.89,1739.14,4982.03,µm,Spot,Position,8,20614,
1075.95,1744.27,4986.25,µm,Spot,Position,8,20618,
1051.87,1754.75,4987.4,µm,Spot,Position,8,20619,
1049.68,1740.69,5009.74,µm,Spot,Position,8,20631,
1162.79,1737.34,4979.63,µm,Spot,Position,8,20664,
1183.68,1759.79,4971.69,µm,Spot,Position,8,20682,
1175.68,1729.07,4994.22,µm,Spot,Position,8,20685,
1175.56,1738.74,5033.38,µm,Spot,Position,8,20690,
802.053,1784.04,5005.79,µm,Spot,Position,8,20710,
843.468,1782.71,5017.25,µm,Spot,Position,8,20718,
815.896,1792.87,5021.74,µm,Spot,Position,8,20719,
836.425,1793.77,5019.92,µm,Spot,Position,8,20720,
823.432,1784.43,5022.15,µm,Spot,Position,8,20721,
818.379,1814.31,5038.12,µm,Spot,Position,8,20727,
912.601,1767.91,4991.49,µm,Spot,Position,8,20744,
908.966,1779.26,4997.08,µm,Spot,Position,8,20746,
899.01,1821.51,5002.06,µm,Spot,Position,8,20750,
890.617,1819.3,5005.36,µm,Spot,Position,8,20753,
878.699,1776.87,5008.66,µm,Spot,Position,8,20754,
959.055,1771.84,4991.87,µm,Spot,Position,8,20787,
966.188,1785.94,4991.76,µm,Spot,Position,8,20789,
947.69,1811.4,4993.35,µm,Spot,Position,8,20791,
924.543,1804.2,4996.29,µm,Spot,Position,8,20792,
944.295,1785.59,5027.77,µm,Spot,Position,8,20802,
1043.99,1772.41,4989.28,µm,Spot,Position,8,20828,
983.528,1802.18,5049.36,µm,Spot,Position,8,20846,
1073.01,1765.73,4980.44,µm,Spot,Position,8,20863,
1166.53,1816.9,4951.43,µm,Spot,Position,8,20895,
1127.14,1818.58,4965.65,µm,Spot,Position,8,20902,
853.978,1838.93,5017.38,µm,Spot,Position,8,20960,
809.823,1861.11,5037.42,µm,Spot,Position,8,20968,
809.135,1878.56,5046.69,µm,Spot,Position,8,20970,
894.815,1858.49,5007.31,µm,Spot,Position,8,20992,
910.099,1883.06,5010.72,µm,Spot,Position,8,20995,
865.817,1855.81,5012.66,µm,Spot,Position,8,20997,
868.388,1848.98,5014.09,µm,Spot,Position,8,20998,
902.308,1864.12,5039.6,µm,Spot,Position,8,21005,
964.541,1839.92,4990.71,µm,Spot,Position,8,21017,
972.312,1859.95,4996.71,µm,Spot,Position,8,21021,
963.656,1882.86,5003.14,µm,Spot,Position,8,21023,
930.869,1862.38,5004.73,µm,Spot,Position,8,21024,
969.099,1870.15,5015.79,µm,Spot,Position,8,21029,
1039.09,1869.89,4977.33,µm,Spot,Position,8,21047,
1009.01,1841.41,4987.68,µm,Spot,Position,8,21056,
1003.53,1858.35,5022.22,µm,Spot,Position,8,21065,
992,1851.93,5042.11,µm,Spot,Position,8,21069,
1077.11,1876.74,4977.4,µm,Spot,Position,8,21088,
1167.38,1832.28,4968.12,µm,Spot,Position,8,21116,
1110.6,1840.03,4972.77,µm,Spot,Position,8,21120,
1171.04,1883.71,4972.53,µm,Spot,Position,8,21122,
1183.68,1876.96,4966.41,µm,Spot,Position,8,21150,
1183.68,1859.17,4977.82,µm,Spot,Position,8,21153,
825.711,1904.39,5038.35,µm,Spot,Position,8,21182,
817.718,1912.99,5054.22,µm,Spot,Position,8,21189,
864.304,1928.7,5003.07,µm,Spot,Position,8,21207,
862.586,1915.12,5016.19,µm,Spot,Position,8,21213,
865.313,1931.11,5025.53,µm,Spot,Position,8,21216,
967.108,1938.81,4996.7,µm,Spot,Position,8,21227,
992.641,1939.59,4990.45,µm,Spot,Position,8,21254,
984.191,1936.51,4993.57,µm,Spot,Position,8,21259,
983.801,1888.85,5029.21,µm,Spot,Position,8,21265,
1099.23,1926.87,4974.77,µm,Spot,Position,8,21279,
1057.45,1931.33,5009.01,µm,Spot,Position,8,21291,
1168.33,1908.89,4971.33,µm,Spot,Position,8,21307,
1147.8,1938.19,4971.79,µm,Spot,Position,8,21308,
861.574,1964.35,4943.55,µm,Spot,Position,8,21338,
904.489,1952.9,5018.7,µm,Spot,Position,8,21346,
950.038,1950.71,5022.94,µm,Spot,Position,8,21364,
1154.52,1959.43,4968.91,µm,Spot,Position,8,21391,
1138.05,1969.57,4976.61,µm,Spot,Position,8,21393,
807.395,1677.35,5069.43,µm,Spot,Position,8,21706,
1014.23,1695.14,5077.52,µm,Spot,Position,8,21870,
892.553,1772.27,5134.38,µm,Spot,Position,8,22164,
943.332,1798.96,5078.85,µm,Spot,Position,8,22173,
929.41,1802.9,5081.96,µm,Spot,Position,8,22175,
887.395,1836.31,5057.64,µm,Spot,Position,8,22255,
955.968,1835.33,5064.02,µm,Spot,Position,8,22288,
943.779,1882.04,5064.47,µm,Spot,Position,8,22289,
925.685,1827.94,5119.93,µm,Spot,Position,8,22309,
930.029,1834.73,5133.06,µm,Spot,Position,8,22313,
815.103,1934.14,5076.66,µm,Spot,Position,8,22369,
815.826,1928.22,5094.69,µm,Spot,Position,8,22373,
911.953,1934.7,5059.29,µm,Spot,Position,8,22384,
814.804,1600.56,4997.38,µm,Spot,Position,9,22497,
918.646,1620.62,4992.53,µm,Spot,Position,9,22549,
877.727,1632.15,4996.11,µm,Spot,Position,9,22550,
898.817,1640.17,5012.78,µm,Spot,Position,9,22558,
964.893,1593.27,4996.22,µm,Spot,Position,9,22602,
937.514,1608.17,5002.09,µm,Spot,Position,9,22604,
1039.47,1628,4987.3,µm,Spot,Position,9,22648,
986.283,1602.69,5000.37,µm,Spot,Position,9,22652,
1041.34,1628.35,5005.54,µm,Spot,Position,9,22655,
1136.53,1603.18,4964.65,µm,Spot,Position,9,22729,
1142.55,1624.35,4978.87,µm,Spot,Position,9,22741,
1118.83,1632.01,4988.53,µm,Spot,Position,9,22745,
835.345,1698.29,5010.71,µm,Spot,Position,9,22814,
807.078,1668.9,5033.89,µm,Spot,Position,9,22820,
846.301,1645.17,5036,µm,Spot,Position,9,22822,
802.188,1654.18,5045.18,µm,Spot,Position,9,22827,
818.459,1699.47,5044.29,µm,Spot,Position,9,22828,
817.053,1691.91,5050.94,µm,Spot,Position,9,22830,
859.505,1654.13,4995.23,µm,Spot,Position,9,22849,
890.835,1673.9,4998.08,µm,Spot,Position,9,22853,
898.831,1651.36,4999.91,µm,Spot,Position,9,22854,
917.069,1676.99,5009.46,µm,Spot,Position,9,22858,
865.966,1688.82,5018.13,µm,Spot,Position,9,22863,
970.547,1655.9,4986.71,µm,Spot,Position,9,22890,
922.441,1644.14,4989.37,µm,Spot,Position,9,22892,
953.954,1645.37,4991.64,µm,Spot,Position,9,22894,
971.068,1686.84,4991.71,µm,Spot,Position,9,22897,
961.054,1694.47,4990.86,µm,Spot,Position,9,22898,
941.107,1680.32,4992.65,µm,Spot,Position,9,22899,
929.121,1655.31,4995.14,µm,Spot,Position,9,22900,
972.043,1675.73,4995.11,µm,Spot,Position,9,22901,
1022.51,1695.44,4984.56,µm,Spot,Position,9,22949,
1011.21,1695.44,4987.46,µm,Spot,Position,9,22951,
1018.63,1645.94,4991.74,µm,Spot,Position,9,22953,
1034.73,1681.49,5003.08,µm,Spot,Position,9,22958,
1011.08,1662.05,5047.82,µm,Spot,Position,9,22975,
1053.2,1672.89,4976.34,µm,Spot,Position,9,22989,
1158.44,1655.34,4964.97,µm,Spot,Position,9,23027,
1156.71,1676.34,4972.81,µm,Spot,Position,9,23030,
1149.79,1661.48,4976.3,µm,Spot,Position,9,23033,
1142.04,1649.63,4978.23,µm,Spot,Position,9,23034,
1123.49,1689.04,4982.75,µm,Spot,Position,9,23040,
1131.74,1671,4987.86,µm,Spot,Position,9,23042,
1141.11,1673.97,4989.39,µm,Spot,Position,9,23043,
1171.6,1667.05,5005.85,µm,Spot,Position,9,23050,
1155.88,1671.43,5004.33,µm,Spot,Position,9,23051,
1177.38,1649.9,4960.67,µm,Spot,Position,9,23073,
1183.68,1653.04,4972.46,µm,Spot,Position,9,23074,
809.287,1739.33,5015.81,µm,Spot,Position,9,23112,
819.483,1730.62,5017.14,µm,Spot,Position,9,23113,
807.158,1734.14,5033.76,µm,Spot,Position,9,23119,
914.854,1746.81,4930.85,µm,Spot,Position,9,23124,
895.879,1729.92,4995.88,µm,Spot,Position,9,23130,
895.042,1748.45,4995.05,µm,Spot,Position,9,23132,
861.28,1762.25,4999.4,µm,Spot,Position,9,23135,
865.559,1760.47,5011.05,µm,Spot,Position,9,23142,
970.862,1713.07,4989.13,µm,Spot,Position,9,23173,
973.528,1745.19,4989.3,µm,Spot,Position,9,23175,
931.441,1754.7,4992.35,µm,Spot,Position,9,23176,
986.847,1764.12,4993.25,µm,Spot,Position,9,23230,
1044.34,1741.5,4999.71,µm,Spot,Position,9,23235,
1077.77,1743.96,4989.15,µm,Spot,Position,9,23271,
1053.36,1754.05,4988.57,µm,Spot,Position,9,23272,
1050.42,1740.44,5011.35,µm,Spot,Position,9,23285,
1163.76,1734.4,4978.75,µm,Spot,Position,9,23317,
1183.68,1760.07,4973.07,µm,Spot,Position,9,23341,
1176.87,1729.29,4996.98,µm,Spot,Position,9,23345,
1176.12,1738.59,5034.4,µm,Spot,Position,9,23349,
824.013,1806.53,4947.6,µm,Spot,Position,9,23359,
845.101,1764.68,5009.34,µm,Spot,Position,9,23377,
823.698,1776.68,5019.08,µm,Spot,Position,9,23383,
838.509,1788.72,5019.67,µm,Spot,Position,9,23384,
816.769,1811.73,5036.18,µm,Spot,Position,9,23390,
913.441,1765.88,4993.57,µm,Spot,Position,9,23409,
910.79,1777.7,4998.71,µm,Spot,Position,9,23411,
902.089,1818.91,5002.19,µm,Spot,Position,9,23412,
891.583,1818.43,5008.6,µm,Spot,Position,9,23417,
877.327,1777.65,5013.36,µm,Spot,Position,9,23418,
960.925,1771.42,4992.99,µm,Spot,Position,9,23451,
967.219,1784.51,4995.27,µm,Spot,Position,9,23454,
948.987,1810.44,4995.5,µm,Spot,Position,9,23455,
1045.17,1772.32,4990.94,µm,Spot,Position,9,23489,
983.385,1801.78,5049.55,µm,Spot,Position,9,23509,
1169.55,1814.96,4955.12,µm,Spot,Position,9,23549,
1127.82,1818.51,4969.17,µm,Spot,Position,9,23558,
1117.57,1781.39,4987.4,µm,Spot,Position,9,23566,
828.38,1847.8,5024.06,µm,Spot,Position,9,23617,
841.252,1854.27,5034.48,µm,Spot,Position,9,23621,
811.222,1861.14,5037.11,µm,Spot,Position,9,23623,
810.636,1878.56,5046.57,µm,Spot,Position,9,23626,
896.37,1860.99,5006.71,µm,Spot,Position,9,23650,
865.827,1857.23,5011.68,µm,Spot,Position,9,23653,
870.047,1848.03,5013.55,µm,Spot,Position,9,23655,
911.24,1884.52,5012.64,µm,Spot,Position,9,23656,
857.17,1839.29,5016.9,µm,Spot,Position,9,23658,
902.625,1864.67,5038.71,µm,Spot,Position,9,23665,
973.185,1860.05,4997.61,µm,Spot,Position,9,23684,
964.588,1882.75,5003.68,µm,Spot,Position,9,23688,
969.434,1871.33,5015.26,µm,Spot,Position,9,23692,
1040.98,1870.52,4979.06,µm,Spot,Position,9,23709,
998.021,1859.73,5030.85,µm,Spot,Position,9,23728,
1064.94,1825.01,4969.27,µm,Spot,Position,9,23741,
1077.61,1877.91,4979.06,µm,Spot,Position,9,23746,
1165.36,1837.8,4971.88,µm,Spot,Position,9,23771,
1161.98,1840.34,4986.02,µm,Spot,Position,9,23778,
1183.68,1879.36,4970.16,µm,Spot,Position,9,23799,
1174.39,1884.48,4973.14,µm,Spot,Position,9,23801,
828.529,1904.72,5036.58,µm,Spot,Position,9,23826,
819.271,1912.47,5051.44,µm,Spot,Position,9,23833,
865.599,1928.94,5003.06,µm,Spot,Position,9,23851,
862.953,1914.26,5015.62,µm,Spot,Position,9,23855,
866.532,1932.97,5024.25,µm,Spot,Position,9,23857,
962.797,1929.78,4978.23,µm,Spot,Position,9,23865,
969.474,1939.9,4996.7,µm,Spot,Position,9,23869,
994.733,1940.4,4990.44,µm,Spot,Position,9,23898,
985.597,1937.11,4993.75,µm,Spot,Position,9,23900,
983.871,1890.34,5028.94,µm,Spot,Position,9,23909,
1100.83,1927.74,4976.01,µm,Spot,Position,9,23923,
1058.8,1933.15,5009.94,µm,Spot,Position,9,23935,
1150.67,1938.72,4974.05,µm,Spot,Position,9,23956,
1173.22,1909.53,4969.93,µm,Spot,Position,9,23969,
905.586,1953.25,5017.1,µm,Spot,Position,9,23981,
951.749,1953.03,5019.36,µm,Spot,Position,9,23987,
883.233,1617.55,5087.8,µm,Spot,Position,9,24091,
1039.4,1600,5100.08,µm,Spot,Position,9,24207,
807.969,1676.71,5068.97,µm,Spot,Position,9,24332,
858.283,1675.56,5131.07,µm,Spot,Position,9,24425,
891.406,1771.74,5132.78,µm,Spot,Position,9,24868,
936.7,1797.85,5078.66,µm,Spot,Position,9,24886,
928.444,1799.28,5078.93,µm,Spot,Position,9,24887,
794.215,1872.64,5061.71,µm,Spot,Position,9,24952,
885.848,1836.28,5057.78,µm,Spot,Position,9,24980,
955.479,1835.68,5062.56,µm,Spot,Position,9,25016,
944.076,1881.7,5065.87,µm,Spot,Position,9,25019,
924.359,1829.39,5117.09,µm,Spot,Position,9,25038,
930.022,1829.44,5135.28,µm,Spot,Position,9,25046,
824.547,1938.08,5069.91,µm,Spot,Position,9,25107,
817.101,1932.5,5079.71,µm,Spot,Position,9,25111,
913.395,1934.64,5058.77,µm,Spot,Position,9,25125,
918.075,1623.14,4993.27,µm,Spot,Position,10,25316,
878.028,1634.58,4995.71,µm,Spot,Position,10,25317,
910.672,1636.3,5000.24,µm,Spot,Position,10,25320,
910.686,1583.55,5004.6,µm,Spot,Position,10,25322,
954.185,1631.65,4999.84,µm,Spot,Position,10,25373,
937.541,1610.19,5001.03,µm,Spot,Position,10,25375,
986.435,1606.42,5000.21,µm,Spot,Position,10,25427,
1040.69,1630.44,5003.49,µm,Spot,Position,10,25430,
995.94,1583.55,5010.35,µm,Spot,Position,10,25431,
1135.26,1602.81,4966.01,µm,Spot,Position,10,25517,
1119.34,1631.24,4987.31,µm,Spot,Position,10,25533,
806.3,1671.95,5032.48,µm,Spot,Position,10,25611,
801.196,1657.45,5043.83,µm,Spot,Position,10,25617,
816.171,1694.98,5048.54,µm,Spot,Position,10,25619,
899.804,1653.27,4997.9,µm,Spot,Position,10,25640,
865.627,1690.71,5018.48,µm,Spot,Position,10,25651,
922.475,1646.79,4988.66,µm,Spot,Position,10,25679,
954.228,1647.26,4990.23,µm,Spot,Position,10,25680,
961.85,1696.12,4990.18,µm,Spot,Position,10,25681,
973.149,1677.61,4992.44,µm,Spot,Position,10,25684,
928.102,1658.65,4993.06,µm,Spot,Position,10,25685,
940.779,1682.35,4992.54,µm,Spot,Position,10,25686,
1018.36,1665.38,4972.45,µm,Spot,Position,10,25728,
1012.47,1696.79,4986.08,µm,Spot,Position,10,25732,
1035.37,1683.16,5002,µm,Spot,Position,10,25738,
1154.23,1651.75,4966.95,µm,Spot,Position,10,25802,
1156.85,1676.98,4973.36,µm,Spot,Position,10,25806,
1141.9,1649.25,4978.61,µm,Spot,Position,10,25808,
1124.57,1688.27,4981.55,µm,Spot,Position,10,25811,
1132.37,1670.87,4988.37,µm,Spot,Position,10,25814,
1183.68,1671.41,4952.23,µm,Spot,Position,10,25844,
1178.84,1649.63,4961.01,µm,Spot,Position,10,25845,
828.916,1704.87,5007.28,µm,Spot,Position,10,25887,
819.738,1732.86,5017.69,µm,Spot,Position,10,25891,
806.463,1736.77,5032.66,µm,Spot,Position,10,25901,
897.596,1754.76,4994.24,µm,Spot,Position,10,25918,
896.329,1732.01,4995.23,µm,Spot,Position,10,25919,
867.1,1761.89,5009.92,µm,Spot,Position,10,25926,
973.462,1714.17,4988.59,µm,Spot,Position,10,25955,
974.269,1747.46,4988.98,µm,Spot,Position,10,25958,
1050.86,1741.71,5010.8,µm,Spot,Position,10,26043,
1164.84,1734.15,4978.1,µm,Spot,Position,10,26065,
1183.68,1757.2,4971.77,µm,Spot,Position,10,26085,
1177.54,1737.52,5036.56,µm,Spot,Position,10,26093,
846.872,1769.19,5012.62,µm,Spot,Position,10,26116,
824.716,1777.1,5016.97,µm,Spot,Position,10,26119,
839.371,1789.84,5018.4,µm,Spot,Position,10,26120,
819.288,1788.53,5020.81,µm,Spot,Position,10,26121,
911.056,1766.63,4992.13,µm,Spot,Position,10,26142,
862.467,1765.16,4997.48,µm,Spot,Position,10,26145,
911.792,1778.81,4997.54,µm,Spot,Position,10,26146,
892.796,1819.29,5007.36,µm,Spot,Position,10,26151,
962.756,1773.76,4992.83,µm,Spot,Position,10,26185,
968.939,1783.31,4993.12,µm,Spot,Position,10,26187,
950.366,1811.2,4993.03,µm,Spot,Position,10,26188,
987.545,1764.73,4993.21,µm,Spot,Position,10,26224,
983.248,1802.79,5048.98,µm,Spot,Position,10,26235,
813.856,1861.01,5032.76,µm,Spot,Position,10,26318,
867.062,1859.24,5010.95,µm,Spot,Position,10,26337,
871.728,1848.95,5012.79,µm,Spot,Position,10,26339,
857.993,1840.11,5016.44,µm,Spot,Position,10,26340,
974.986,1856.54,4997.62,µm,Spot,Position,10,26353,
992.54,1849.82,5051.3,µm,Spot,Position,10,26378,
1165.74,1837.61,4973.44,µm,Spot,Position,10,26396,
880.189,1622.7,5084.53,µm,Spot,Position,10,26515,
923.475,1583.55,5070.16,µm,Spot,Position,10,26564,
1037.32,1601.59,5098.47,µm,Spot,Position,10,26639,
891.377,1774.41,5128.78,µm,Spot,Position,10,27295,
935.095,1799.8,5080.61,µm,Spot,Position,10,27315,
953.143,1835.18,5059.3,µm,Spot,Position,10,27398,
921.685,1834.74,5111.43,µm,Spot,Position,10,27410,
918.575,1620.78,4994.4,µm,Spot,Position,11,27510,
877.61,1631.17,4995.69,µm,Spot,Position,11,27511,
910.567,1635.41,5000.07,µm,Spot,Position,11,27513,
896.273,1637.49,5013.58,µm,Spot,Position,11,27517,
937.083,1608.19,5001.65,µm,Spot,Position,11,27561,
957.226,1583.55,5017.41,µm,Spot,Position,11,27569,
986.039,1603.71,5000.89,µm,Spot,Position,11,27609,
1040.85,1632.67,5001.16,µm,Spot,Position,11,27610,
1119.28,1628.68,4988.27,µm,Spot,Position,11,27700,
827.647,1702.72,5007.09,µm,Spot,Position,11,27755,
805.312,1670.22,5032.93,µm,Spot,Position,11,27766,
844.948,1645.67,5036.72,µm,Spot,Position,11,27770,
800.273,1655.61,5044.6,µm,Spot,Position,11,27774,
814.667,1692.75,5049.01,µm,Spot,Position,11,27776,
898.866,1650.41,4998.65,µm,Spot,Position,11,27798,
865.082,1688.81,5018.19,µm,Spot,Position,11,27810,
952.972,1644.97,4991.7,µm,Spot,Position,11,27839,
922.783,1650.28,4991.08,µm,Spot,Position,11,27840,
961.199,1693.77,4991.16,µm,Spot,Position,11,27843,
927.01,1655.87,4993.53,µm,Spot,Position,11,27844,
972.594,1675.34,4994.22,µm,Spot,Position,11,27845,
940.389,1679.18,4994.3,µm,Spot,Position,11,27846,
952,1656.42,5015.86,µm,Spot,Position,11,27851,
1018.3,1662.5,4973.39,µm,Spot,Position,11,27884,
1023.41,1694.21,4985.02,µm,Spot,Position,11,27889,
1012.13,1694.3,4987.32,µm,Spot,Position,11,27890,
1034.85,1680.51,5002.46,µm,Spot,Position,11,27897,
1010.65,1660.33,5046.87,µm,Spot,Position,11,27913,
1156.29,1673.86,4974.86,µm,Spot,Position,11,27969,
1148.95,1651.85,4977.96,µm,Spot,Position,11,27971,
1142.85,1647.82,4979.31,µm,Spot,Position,11,27973,
1127.05,1687.69,4982.93,µm,Spot,Position,11,27977,
1137.18,1696.21,4984.37,µm,Spot,Position,11,27978,
1132.2,1669.1,4988.87,µm,Spot,Position,11,27980,
1171.9,1664.82,5004.84,µm,Spot,Position,11,27986,
1157.97,1669.87,5005.2,µm,Spot,Position,11,27987,
1179.98,1647.33,4962.43,µm,Spot,Position,11,28007,
806.916,1738.7,5014.9,µm,Spot,Position,11,28043,
819.79,1728.92,5017.13,µm,Spot,Position,11,28044,
805.512,1735.45,5032.87,µm,Spot,Position,11,28051,
909.213,1763.7,4993.85,µm,Spot,Position,11,28064,
896.994,1751.21,4996.3,µm,Spot,Position,11,28066,
896.467,1729.4,4996.63,µm,Spot,Position,11,28067,
859.75,1763.69,5000.13,µm,Spot,Position,11,28070,
867.052,1759.28,5011.25,µm,Spot,Position,11,28075,
972.807,1712.3,4989.98,µm,Spot,Position,11,28101,
974.104,1744.25,4990.84,µm,Spot,Position,11,28103,
935.615,1752.5,4992.5,µm,Spot,Position,11,28106,
1054.77,1752.12,4988.33,µm,Spot,Position,11,28174,
1051.62,1737.67,5003.6,µm,Spot,Position,11,28184,
1163.68,1731.95,4979.64,µm,Spot,Position,11,28213,
1176.56,1725.6,4997.52,µm,Spot,Position,11,28239,
1177.14,1734.79,5037.98,µm,Spot,Position,11,28243,
845.529,1767.04,5014.46,µm,Spot,Position,11,28266,
822.53,1775.7,5018.6,µm,Spot,Position,11,28267,
838.095,1788.7,5018.72,µm,Spot,Position,11,28269,
819.861,1784.43,5020.27,µm,Spot,Position,11,28271,
849.677,1765.3,5030.7,µm,Spot,Position,11,28273,
816.338,1811.87,5035.41,µm,Spot,Position,11,28276,
907.513,1818.11,4984.95,µm,Spot,Position,11,28294,
911.409,1776.89,4999.17,µm,Spot,Position,11,28297,
892.461,1818.32,5008.82,µm,Spot,Position,11,28304,
963.689,1772.35,4993.65,µm,Spot,Position,11,28340,
968.994,1780.27,4995.27,µm,Spot,Position,11,28343,
950.334,1809.75,4994.86,µm,Spot,Position,11,28345,
982.127,1802.24,5048.95,µm,Spot,Position,11,28362,
1171.56,1811.82,4955.98,µm,Spot,Position,11,28431,
1130.09,1817.42,4969.12,µm,Spot,Position,11,28438,
812.027,1861.41,5036.45,µm,Spot,Position,11,28491,
811.946,1878.74,5044.09,µm,Spot,Position,11,28493,
866.797,1857.62,5010.99,µm,Spot,Position,11,28522,
913.044,1883.56,5011.62,µm,Spot,Position,11,28523,
871.314,1847.63,5014.39,µm,Spot,Position,11,28525,
857.876,1838.77,5017.27,µm,Spot,Position,11,28526,
879.064,1854.1,5016.62,µm,Spot,Position,11,28527,
913.078,1846.42,5034.95,µm,Spot,Position,11,28531,
901.606,1866.19,5039.27,µm,Spot,Position,11,28533,
974.334,1859.45,4997.99,µm,Spot,Position,11,28551,
966.195,1881.83,5002.03,µm,Spot,Position,11,28553,
968.948,1871.44,5015.38,µm,Spot,Position,11,28559,
998.606,1862.04,5031.31,µm,Spot,Position,11,28598,
989.329,1849.87,5051.78,µm,Spot,Position,11,28603,
1078.33,1876.44,4979.66,µm,Spot,Position,11,28611,
1164.78,1835.56,4974.79,µm,Spot,Position,11,28630,
1183.68,1876.82,4975.41,µm,Spot,Position,11,28655,
1177.11,1880.32,4975.56,µm,Spot,Position,11,28656,
830.608,1904.87,5035.21,µm,Spot,Position,11,28681,
820.494,1914.77,5051.71,µm,Spot,Position,11,28690,
864.95,1913.62,5014.21,µm,Spot,Position,11,28712,
868.563,1933.21,5024.82,µm,Spot,Position,11,28714,
963.603,1932.62,4985.86,µm,Spot,Position,11,28723,
972.069,1940.33,4997.91,µm,Spot,Position,11,28728,
981.988,1890.74,5028.22,µm,Spot,Position,11,28738,
998.864,1939.86,4989.55,µm,Spot,Position,11,28758,
986.355,1937.53,4995.14,µm,Spot,Position,11,28762,
1153.32,1933.44,4975.95,µm,Spot,Position,11,28810,
1173.09,1907.38,4972.47,µm,Spot,Position,11,28821,
868.263,1961.09,4944.54,µm,Spot,Position,11,28832,
906.887,1955.14,5019.3,µm,Spot,Position,11,28839,
945.166,1958.63,5021.04,µm,Spot,Position,11,28851,
797.497,1614.68,5074.22,µm,Spot,Position,11,28887,
879.329,1620.82,5084.83,µm,Spot,Position,11,28961,
806.072,1678.61,5066.12,µm,Spot,Position,11,29205,
890.542,1772.79,5130.87,µm,Spot,Position,11,29706,
939.407,1798.43,5086.4,µm,Spot,Position,11,29731,
942.038,1814.98,5162.33,µm,Spot,Position,11,29747,
884.786,1837.68,5055.07,µm,Spot,Position,11,29808,
919.367,1836,5110.59,µm,Spot,Position,11,29825,
952.306,1835.65,5058.63,µm,Spot,Position,11,29840,
943.004,1881.36,5064.88,µm,Spot,Position,11,29845,
928.68,1829.96,5132.71,µm,Spot,Position,11,29866,
930.807,1861.73,5166.04,µm,Spot,Position,11,29873,
817.833,1935.39,5074.88,µm,Spot,Position,11,29916,
817.189,1930.38,5091.8,µm,Spot,Position,11,29920,
913.088,1936.17,5057.42,µm,Spot,Position,11,29936,
917.876,1620.19,4993.46,µm,Spot,Position,12,30121,
875.299,1630.87,4996.98,µm,Spot,Position,12,30123,
868.379,1602.93,5035.94,µm,Spot,Position,12,30144,
936.986,1607.44,5002.97,µm,Spot,Position,12,30174,
1040.9,1632.18,5001.68,µm,Spot,Position,12,30221,
1119.89,1626.03,4987.07,µm,Spot,Position,12,30314,
834.852,1701.71,5005.59,µm,Spot,Position,12,30375,
824.346,1701.12,5007.18,µm,Spot,Position,12,30376,
804.951,1669.77,5032.92,µm,Spot,Position,12,30386,
844.248,1644.48,5036.1,µm,Spot,Position,12,30389,
799.881,1654.42,5044.54,µm,Spot,Position,12,30395,
852.599,1701.73,5044.18,µm,Spot,Position,12,30397,
814.172,1690.93,5049.92,µm,Spot,Position,12,30398,
907.587,1669.35,4980.67,µm,Spot,Position,12,30411,
895.002,1663.95,4984.21,µm,Spot,Position,12,30412,
858.007,1654.43,4996.31,µm,Spot,Position,12,30413,
893.723,1664.86,4994.51,µm,Spot,Position,12,30415,
897.448,1650.81,5001.62,µm,Spot,Position,12,30419,
916.403,1676.41,5008.16,µm,Spot,Position,12,30421,
865.037,1689.07,5019.49,µm,Spot,Position,12,30428,
921.356,1646.72,4988.19,µm,Spot,Position,12,30449,
951.948,1643.82,4991.37,µm,Spot,Position,12,30451,
958.583,1665.71,4991.37,µm,Spot,Position,12,30452,
960.518,1692.77,4990.62,µm,Spot,Position,12,30453,
926.792,1654.95,4994.09,µm,Spot,Position,12,30455,
972.459,1674.32,4992.88,µm,Spot,Position,12,30456,
939.091,1678.3,4993.61,µm,Spot,Position,12,30457,
951.622,1655.85,5014.25,µm,Spot,Position,12,30462,
1018.31,1662.88,4972.89,µm,Spot,Position,12,30499,
1012.39,1693.4,4986.39,µm,Spot,Position,12,30505,
1034.95,1679.55,5002,µm,Spot,Position,12,30514,
1011.06,1658.55,5048.53,µm,Spot,Position,12,30526,
1155.64,1672.76,4973.53,µm,Spot,Position,12,30578,
1142.92,1646.92,4978.44,µm,Spot,Position,12,30582,
1134.06,1672.56,4985.62,µm,Spot,Position,12,30587,
1158.13,1670.24,5003.39,µm,Spot,Position,12,30592,
1183.68,1646.48,4960.4,µm,Spot,Position,12,30613,
845.984,1764.24,5007.27,µm,Spot,Position,12,30647,
815.556,1729.97,5017.63,µm,Spot,Position,12,30651,
805.036,1733.95,5034.26,µm,Spot,Position,12,30658,
908.07,1762.69,4993.12,µm,Spot,Position,12,30675,
896.128,1754.76,4996.02,µm,Spot,Position,12,30676,
895.528,1729.57,4996.41,µm,Spot,Position,12,30677,
867.243,1759.44,5010.32,µm,Spot,Position,12,30686,
921.358,1749.33,4930.85,µm,Spot,Position,12,30710,
973.955,1743.65,4989.45,µm,Spot,Position,12,30718,
974.401,1714.88,4990.82,µm,Spot,Position,12,30720,
935.923,1752.47,4991.89,µm,Spot,Position,12,30721,
1054.72,1751.65,4988.11,µm,Spot,Position,12,30799,
1071.31,1707.47,4996.21,µm,Spot,Position,12,30803,
1051.55,1736.78,5003.14,µm,Spot,Position,12,30806,
1162.38,1723.33,4971.89,µm,Spot,Position,12,30835,
1164.82,1731.21,4978.64,µm,Spot,Position,12,30836,
1178.17,1733.81,5036.63,µm,Spot,Position,12,30868,
837.512,1789.03,5019.31,µm,Spot,Position,12,30893,
823.768,1779.02,5019.89,µm,Spot,Position,12,30894,
817.553,1812.26,5034.55,µm,Spot,Position,12,30898,
907.686,1818.69,4983.43,µm,Spot,Position,12,30913,
911.532,1776.27,4998.67,µm,Spot,Position,12,30916,
872.1,1785.82,5006.67,µm,Spot,Position,12,30920,
893.641,1818.86,5006.78,µm,Spot,Position,12,30923,
963.749,1771.53,4993.79,µm,Spot,Position,12,30953,
969.055,1778.12,4994.25,µm,Spot,Position,12,30955,
950.561,1809.31,4994.44,µm,Spot,Position,12,30957,
983.229,1800.5,5048.6,µm,Spot,Position,12,31005,
1172.83,1810.79,4954.37,µm,Spot,Position,12,31083,
812.002,1861.11,5037.14,µm,Spot,Position,12,31120,
811.906,1877.92,5043.61,µm,Spot,Position,12,31123,
868.042,1857.64,5010.79,µm,Spot,Position,12,31148,
912.963,1883.25,5010.32,µm,Spot,Position,12,31150,
871.404,1847.65,5013.81,µm,Spot,Position,12,31152,
877.798,1855.22,5015.4,µm,Spot,Position,12,31153,
857.62,1838.31,5016.53,µm,Spot,Position,12,31154,
913.522,1845.6,5034.38,µm,Spot,Position,12,31158,
902.225,1865.45,5038.59,µm,Spot,Position,12,31160,
885.84,1836.2,5053.61,µm,Spot,Position,12,31164,
975.052,1858.71,4997.23,µm,Spot,Position,12,31178,
966.611,1880.37,5001.83,µm,Spot,Position,12,31180,
969.645,1870.65,5015.11,µm,Spot,Position,12,31186,
999.254,1861.6,5031.38,µm,Spot,Position,12,31220,
1080.35,1875.68,4979.29,µm,Spot,Position,12,31234,
1166.5,1835.11,4973.49,µm,Spot,Position,12,31259,
1172.47,1846.74,4965.49,µm,Spot,Position,12,31279,
1175.7,1882.46,4971.95,µm,Spot,Position,12,31281,
1183.68,1875.06,4975.09,µm,Spot,Position,12,31282,
830.178,1904.54,5036,µm,Spot,Position,12,31314,
819.818,1913.74,5054.05,µm,Spot,Position,12,31321,
864.79,1914.45,5016.31,µm,Spot,Position,12,31341,
868.859,1932.93,5024.4,µm,Spot,Position,12,31343,
966.009,1929.47,4977.1,µm,Spot,Position,12,31350,
961.778,1932.61,4986.18,µm,Spot,Position,12,31353,
972.245,1939.97,4997.18,µm,Spot,Position,12,31356,
982.503,1889.22,5029.14,µm,Spot,Position,12,31368,
1000.48,1938.82,4989.89,µm,Spot,Position,12,31386,
986.812,1937.02,4994.94,µm,Spot,Position,12,31389,
1153.63,1932.57,4975.34,µm,Spot,Position,12,31433,
1172.84,1907.94,4971.89,µm,Spot,Position,12,31445,
869.305,1959.57,4943.31,µm,Spot,Position,12,31457,
906.583,1955.3,5018.99,µm,Spot,Position,12,31462,
943.086,1958.92,5018.93,µm,Spot,Position,12,31471,
796.302,1612.84,5075.37,µm,Spot,Position,12,31506,
878.513,1617.92,5085.5,µm,Spot,Position,12,31576,
1173.56,1583.55,5088.2,µm,Spot,Position,12,31792,
805.402,1676.99,5067.19,µm,Spot,Position,12,31800,
891.477,1769.77,5129.75,µm,Spot,Position,12,32302,
939.5,1797.45,5084.99,µm,Spot,Position,12,32328,
794.215,1833.1,5140.99,µm,Spot,Position,12,32414,
953.861,1834.46,5059.18,µm,Spot,Position,12,32459,
944.137,1878.79,5065,µm,Spot,Position,12,32464,
920.214,1833.09,5110.95,µm,Spot,Position,12,32476,
929.351,1828.14,5131.79,µm,Spot,Position,12,32483,
931.661,1858.68,5165.31,µm,Spot,Position,12,32494,
818.759,1934.31,5075.2,µm,Spot,Position,12,32537,
817.984,1928.29,5091.81,µm,Spot,Position,12,32539,
912.813,1935.1,5057.61,µm,Spot,Position,12,32551,
917.528,1622.02,4994.19,µm,Spot,Position,13,32732,
875.59,1632.64,4996.41,µm,Spot,Position,13,32736,
937.688,1607.77,5002.49,µm,Spot,Position,13,32786,
1041.49,1634.55,5002.15,µm,Spot,Position,13,32828,
985.298,1603.43,5003.69,µm,Spot,Position,13,32829,
1120.76,1624.79,4987.96,µm,Spot,Position,13,32918,
818.161,1700.18,5005.21,µm,Spot,Position,13,32981,
835.642,1703.69,5005.22,µm,Spot,Position,13,32982,
805.093,1669.98,5033.95,µm,Spot,Position,13,32996,
845.187,1646.07,5036.7,µm,Spot,Position,13,32997,
853.185,1702.9,5042.73,µm,Spot,Position,13,33002,
800.35,1656.19,5045.72,µm,Spot,Position,13,33004,
815.418,1692.95,5048.76,µm,Spot,Position,13,33005,
908.427,1670.31,4980.54,µm,Spot,Position,13,33020,
858.041,1655.78,4996.89,µm,Spot,Position,13,33028,
897.844,1651.46,5001.92,µm,Spot,Position,13,33032,
865.564,1689.91,5018.92,µm,Spot,Position,13,33043,
971.872,1658.31,4988.16,µm,Spot,Position,13,33076,
963.837,1692.57,4991.57,µm,Spot,Position,13,33079,
953.663,1644.36,4993.44,µm,Spot,Position,13,33080,
939.922,1679.08,4994.19,µm,Spot,Position,13,33083,
973.09,1675.64,4994.95,µm,Spot,Position,13,33084,
951.883,1656.51,5014.56,µm,Spot,Position,13,33090,
1012.13,1694.3,4987.2,µm,Spot,Position,13,33127,
1035.71,1680.36,5002.82,µm,Spot,Position,13,33133,
1128.55,1683.16,4977.74,µm,Spot,Position,13,33208,
1143.31,1647.28,4979.37,µm,Spot,Position,13,33210,
1136.33,1671.77,4987.97,µm,Spot,Position,13,33215,
1132.97,1690.29,4998.49,µm,Spot,Position,13,33220,
1161.95,1671.6,5003.95,µm,Spot,Position,13,33222,
1183.68,1692.3,4953.77,µm,Spot,Position,13,33236,
1183.68,1645.97,4962.45,µm,Spot,Position,13,33238,
816.876,1732.4,5018.93,µm,Spot,Position,13,33282,
805.596,1735.79,5032.6,µm,Spot,Position,13,33288,
909.34,1764.23,4993.84,µm,Spot,Position,13,33306,
896.084,1730.46,4997.23,µm,Spot,Position,13,33308,
895.264,1755.86,4996.83,µm,Spot,Position,13,33310,
867.999,1760.33,5009.6,µm,Spot,Position,13,33317,
925.402,1751.14,4930.85,µm,Spot,Position,13,33341,
974.449,1745.16,4989.54,µm,Spot,Position,13,33349,
974.796,1712.96,4991.23,µm,Spot,Position,13,33350,
936.419,1753.79,4992.62,µm,Spot,Position,13,33354,
1055.12,1752.46,4988.97,µm,Spot,Position,13,33428,
1070.52,1708.15,4996.6,µm,Spot,Position,13,33431,
1052.52,1737.79,5004.04,µm,Spot,Position,13,33434,
1183.68,1708.32,4980.55,µm,Spot,Position,13,33487,
1179.35,1733.25,5038.55,µm,Spot,Position,13,33495,
843.231,1768.73,5012.69,µm,Spot,Position,13,33524,
825.782,1776.61,5018.29,µm,Spot,Position,13,33525,
837.723,1790.7,5018.71,µm,Spot,Position,13,33527,
821.558,1784.45,5020.16,µm,Spot,Position,13,33528,
817.634,1814.05,5033.52,µm,Spot,Position,13,33533,
912.105,1776.87,4998.66,µm,Spot,Position,13,33558,
894.377,1820.57,5006.52,µm,Spot,Position,13,33563,
963.825,1772,4993.58,µm,Spot,Position,13,33589,
969.663,1779.62,4995.53,µm,Spot,Position,13,33592,
951.351,1810.27,4995.32,µm,Spot,Position,13,33593,
983.771,1802.1,5049.34,µm,Spot,Position,13,33643,
811.883,1862.67,5037.25,µm,Spot,Position,13,33752,
812.149,1879.53,5043.75,µm,Spot,Position,13,33756,
868.082,1859.08,5010.92,µm,Spot,Position,13,33783,
872.321,1848.93,5013.9,µm,Spot,Position,13,33785,
878.232,1856.48,5015.36,µm,Spot,Position,13,33789,
857.396,1839.16,5016.92,µm,Spot,Position,13,33790,
914.271,1846.89,5033.91,µm,Spot,Position,13,33795,
902.781,1866.85,5039.46,µm,Spot,Position,13,33797,
886.817,1837.97,5054.23,µm,Spot,Position,13,33801,
975.43,1859.96,4998.08,µm,Spot,Position,13,33820,
966.509,1881.89,5003.79,µm,Spot,Position,13,33825,
970.086,1871.9,5016.45,µm,Spot,Position,13,33832,
999.977,1861.58,5031.09,µm,Spot,Position,13,33865,
1166.38,1836.37,4976.63,µm,Spot,Position,13,33905,
1176.43,1881.47,4976.35,µm,Spot,Position,13,33927,
830.124,1906.66,5036.12,µm,Spot,Position,13,33958,
819.539,1915.93,5053.59,µm,Spot,Position,13,33965,
865.024,1915.58,5016.5,µm,Spot,Position,13,33988,
868.756,1934.39,5023.91,µm,Spot,Position,13,33992,
967.312,1931.46,4978.04,µm,Spot,Position,13,34001,
962.978,1934.67,4988.46,µm,Spot,Position,13,34004,
972.853,1940.91,4997.27,µm,Spot,Position,13,34007,
1001.3,1940.85,4990.25,µm,Spot,Position,13,34040,
987.067,1937.74,4994.85,µm,Spot,Position,13,34044,
984.078,1891.32,5030.22,µm,Spot,Position,13,34051,
1171.78,1907.76,4973.45,µm,Spot,Position,13,34088,
1154.22,1931.96,4976.79,µm,Spot,Position,13,34089,
872.086,1957.53,4941.76,µm,Spot,Position,13,34110,
906.241,1957.49,5020.05,µm,Spot,Position,13,34114,
940.38,1958.81,5015.36,µm,Spot,Position,13,34120,
879.909,1620.46,5084.91,µm,Spot,Position,13,34219,
892.649,1772.64,5128.22,µm,Spot,Position,13,34982,
941.521,1800.71,5085.06,µm,Spot,Position,13,35006,
794.215,1838.01,5142.52,µm,Spot,Position,13,35096,
955.862,1835.68,5059.81,µm,Spot,Position,13,35137,
945.953,1880.88,5064.9,µm,Spot,Position,13,35142,
921.142,1836.2,5110.62,µm,Spot,Position,13,35152,
932.77,1861.27,5164.39,µm,Spot,Position,13,35171,
820.851,1939.12,5073.67,µm,Spot,Position,13,35218,
913.189,1937.61,5058.22,µm,Spot,Position,13,35237,
812.041,1604.3,4998.31,µm,Spot,Position,14,35351,
794.215,1639.69,5022.89,µm,Spot,Position,14,35363,
917.13,1621.52,4995.17,µm,Spot,Position,14,35399,
874.203,1632.95,4997.94,µm,Spot,Position,14,35401,
937.773,1607.85,5004.01,µm,Spot,Position,14,35451,
957.157,1583.55,5019.69,µm,Spot,Position,14,35456,
1041.96,1634.36,5001.91,µm,Spot,Position,14,35495,
1120.63,1623.84,4989.22,µm,Spot,Position,14,35578,
1180.54,1642.51,4964.08,µm,Spot,Position,14,35605,
817.036,1700.31,5007.37,µm,Spot,Position,14,35636,
803.741,1670.97,5033.63,µm,Spot,Position,14,35646,
843.722,1646.1,5036.62,µm,Spot,Position,14,35647,
851.381,1703.15,5044.41,µm,Spot,Position,14,35652,
814.204,1694,5050.1,µm,Spot,Position,14,35655,
908.611,1670.51,4981.82,µm,Spot,Position,14,35668,
897.883,1651.36,5004.08,µm,Spot,Position,14,35674,
864.488,1689.72,5020.91,µm,Spot,Position,14,35686,
924.081,1689.3,4930.85,µm,Spot,Position,14,35706,
921.974,1647.61,4991.14,µm,Spot,Position,14,35715,
962.694,1692.77,4992.09,µm,Spot,Position,14,35716,
954.033,1644.57,4993.51,µm,Spot,Position,14,35717,
959.242,1666.28,4992.8,µm,Spot,Position,14,35718,
972.27,1675.51,4995.16,µm,Spot,Position,14,35720,
939.38,1679.5,4995.71,µm,Spot,Position,14,35721,
1023.48,1693.1,4985.37,µm,Spot,Position,14,35765,
1012.67,1692.49,4987.68,µm,Spot,Position,14,35766,
1035.95,1679.55,5002.51,µm,Spot,Position,14,35773,
1017.33,1657.84,5050.73,µm,Spot,Position,14,35787,
1161.68,1657.45,4966.32,µm,Spot,Position,14,35834,
1155.17,1669.02,4976.42,µm,Spot,Position,14,35839,
1152.71,1657.87,4977.98,µm,Spot,Position,14,35842,
1128.11,1683.08,4979.85,µm,Spot,Position,14,35844,
1142.92,1645.82,4980.98,µm,Spot,Position,14,35845,
1137.24,1678.72,4986.74,µm,Spot,Position,14,35850,
1134.96,1670.5,4989.21,µm,Spot,Position,14,35851,
1132.77,1688.9,4998.94,µm,Spot,Position,14,35856,
1159.01,1669.72,5006.01,µm,Spot,Position,14,35857,
1183.68,1678.31,4992.83,µm,Spot,Position,14,35877,
1176.37,1666.85,5007.27,µm,Spot,Position,14,35878,
852.785,1734.1,5018.82,µm,Spot,Position,14,35911,
816.119,1733.25,5020.91,µm,Spot,Position,14,35914,
803.858,1735.68,5032.43,µm,Spot,Position,14,35923,
895.847,1730.1,4997.31,µm,Spot,Position,14,35944,
867.289,1760.07,5010.67,µm,Spot,Position,14,35955,
926.167,1751.84,4933.44,µm,Spot,Position,14,35977,
962.241,1740.1,4990.27,µm,Spot,Position,14,35983,
975.721,1749.11,4989.88,µm,Spot,Position,14,35984,
972.844,1712.09,4990.65,µm,Spot,Position,14,35985,
936.575,1753.57,4993,µm,Spot,Position,14,35987,
1079.42,1748.92,4969.32,µm,Spot,Position,14,36051,
1100.01,1738.96,4984.67,µm,Spot,Position,14,36055,
1082.12,1744.15,4990.33,µm,Spot,Position,14,36058,
1055.06,1751.57,4989.34,µm,Spot,Position,14,36060,
1071.88,1707.56,4998.12,µm,Spot,Position,14,36061,
1051.34,1738.22,5008.92,µm,Spot,Position,14,36066,
1166.8,1730.67,4980.54,µm,Spot,Position,14,36096,
1183.68,1721.41,4952.19,µm,Spot,Position,14,36111,
1183.68,1707.8,4983.14,µm,Spot,Position,14,36116,
1179.13,1733.17,5037.76,µm,Spot,Position,14,36121,
798.502,1781.96,5006.12,µm,Spot,Position,14,36142,
804.812,1787.37,5006.88,µm,Spot,Position,14,36143,
842.704,1766.88,5012.55,µm,Spot,Position,14,36147,
823.084,1776.7,5017.49,µm,Spot,Position,14,36149,
836.635,1789.48,5019.17,µm,Spot,Position,14,36151,
815.798,1814.77,5032.73,µm,Spot,Position,14,36156,
909.137,1764.58,4994.64,µm,Spot,Position,14,36180,
912.165,1777.06,4999.46,µm,Spot,Position,14,36182,
858.462,1800.69,5007.47,µm,Spot,Position,14,36184,
894.519,1820.5,5006.94,µm,Spot,Position,14,36186,
876.842,1795.78,5010.9,µm,Spot,Position,14,36188,
961.077,1767.22,4993.85,µm,Spot,Position,14,36216,
951.004,1810.69,4995.6,µm,Spot,Position,14,36219,
969.11,1779.08,4996.99,µm,Spot,Position,14,36220,
982.351,1802.79,5048.64,µm,Spot,Position,14,36240,
1133.55,1821.9,4970.72,µm,Spot,Position,14,36313,
1174.78,1810.17,4957.18,µm,Spot,Position,14,36338,
856.691,1838.57,5017.4,µm,Spot,Position,14,36365,
820.729,1883.35,5026.27,µm,Spot,Position,14,36368,
811.026,1862.86,5036.4,µm,Spot,Position,14,36372,
811.151,1880.04,5043.62,µm,Spot,Position,14,36376,
812.609,1873.19,5051.95,µm,Spot,Position,14,36379,
867.713,1858.5,5010.07,µm,Spot,Position,14,36402,
913.327,1883.91,5011.01,µm,Spot,Position,14,36403,
871.23,1849.12,5014.02,µm,Spot,Position,14,36404,
876.971,1857.31,5014.75,µm,Spot,Position,14,36405,
913.278,1847.06,5033.75,µm,Spot,Position,14,36411,
901.567,1866.87,5038.24,µm,Spot,Position,14,36412,
884.776,1837.78,5053.58,µm,Spot,Position,14,36417,
976.727,1857.49,4997.73,µm,Spot,Position,14,36432,
966.736,1881.71,5002.75,µm,Spot,Position,14,36434,
969.103,1871.45,5015.59,µm,Spot,Position,14,36441,
1000.21,1862.34,5029.86,µm,Spot,Position,14,36475,
991.69,1849,5051.18,µm,Spot,Position,14,36482,
1082.24,1876.34,4979.77,µm,Spot,Position,14,36489,
1168.45,1835.06,4975.9,µm,Spot,Position,14,36512,
1172.44,1845.28,4967.9,µm,Spot,Position,14,36536,
1178.37,1882.54,4976.57,µm,Spot,Position,14,36538,
1183.68,1875.33,4977.05,µm,Spot,Position,14,36540,
1181.73,1843.54,4988.89,µm,Spot,Position,14,36541,
829.642,1907.04,5034.39,µm,Spot,Position,14,36572,
842.671,1916.27,5043.77,µm,Spot,Position,14,36576,
819.737,1915.21,5050.58,µm,Spot,Position,14,36579,
867.271,1929.21,5000.79,µm,Spot,Position,14,36598,
864.592,1915.27,5015.21,µm,Spot,Position,14,36606,
868.372,1934.87,5023.73,µm,Spot,Position,14,36609,
967.982,1930.39,4978.07,µm,Spot,Position,14,36619,
960.568,1934.73,4990.04,µm,Spot,Position,14,36624,
972.851,1941.26,4997.2,µm,Spot,Position,14,36626,
968.304,1887.19,5020.37,µm,Spot,Position,14,36635,
982.809,1891.63,5028.08,µm,Spot,Position,14,36639,
1002.6,1940.28,4988.93,µm,Spot,Position,14,36662,
988.063,1937.74,4993.7,µm,Spot,Position,14,36666,
1104.07,1927.09,4976.54,µm,Spot,Position,14,36682,
1155.52,1931.1,4976.73,µm,Spot,Position,14,36710,
1173.6,1906.47,4973.42,µm,Spot,Position,14,36727,
796.122,1615.14,5074.21,µm,Spot,Position,14,36764,
878.903,1618.83,5085.22,µm,Spot,Position,14,36838,
1174.59,1583.55,5090.52,µm,Spot,Position,14,37043,
890.637,1773.02,5128.58,µm,Spot,Position,14,37522,
942.269,1798.43,5086.99,µm,Spot,Position,14,37547,
802.798,1855.39,5149.9,µm,Spot,Position,14,37627,
919.732,1835.47,5108.16,µm,Spot,Position,14,37651,
954.386,1836.62,5060.2,µm,Spot,Position,14,37668,
945.662,1878.51,5065.28,µm,Spot,Position,14,37673,
931.435,1861.85,5163.73,µm,Spot,Position,14,37697,
818.658,1936.64,5072.96,µm,Spot,Position,14,37748,
912.355,1937.22,5056.14,µm,Spot,Position,14,37764,
900.859,1891.7,5098.63,µm,Spot,Position,14,37773,
919.014,1947.53,5142.84,µm,Spot,Position,14,37859,
